This file is in Neuron reference data file format.
It was generated automatically by Mathematica.
Please do not change it manually.
Except for this header, each line contains two numbers,
time and function value.
Date: {2009, 1, 21, 13, 48, 5.2287850}
   0.0000000    0.0000000
   0.0020000    0.0000000
   0.0040000    0.0000000
   0.0060000    0.0000000
   0.0080000    0.0000000
   0.0100000    0.0000000
   0.0120000    0.0000000
   0.0140000    0.0000000
   0.0160000    0.0000000
   0.0180000    0.0000000
   0.0200000    0.0000000
   0.0220000    0.0000000
   0.0240000    0.0000000
   0.0260000    0.0000000
   0.0280000    0.0000000
   0.0300000    0.0000000
   0.0320000    0.0000000
   0.0340000    0.0000000
   0.0360000    0.0000000
   0.0380000    0.0000000
   0.0400000    0.0000000
   0.0420000    0.0000000
   0.0440000    0.0000000
   0.0460000    0.0000000
   0.0480000    0.0000000
   0.0500000    0.0000000
   0.0520000    0.0000000
   0.0540000    0.0000000
   0.0560000    0.0000000
   0.0580000    0.0000000
   0.0600000    0.0000000
   0.0620000    0.0000000
   0.0640000    0.0000000
   0.0660000    0.0000000
   0.0680000    0.0000000
   0.0700000    0.0000000
   0.0720000    0.0000000
   0.0740000    0.0000000
   0.0760000    0.0000000
   0.0780000    0.0000000
   0.0800000    0.0000000
   0.0820000    0.0000000
   0.0840000    0.0000000
   0.0860000    0.0000000
   0.0880000    0.0000000
   0.0900000    0.0000000
   0.0920000    0.0116459
   0.0940000    0.0255269
   0.0960000    0.0409370
   0.0980000    0.0571704
   0.1000000    0.0735212
   0.1020000    0.0854587
   0.1040000    0.0970581
   0.1060000    0.1085700
   0.1080000    0.1202446
   0.1100000    0.1323325
   0.1120000    0.1465114
   0.1140000    0.1612475
   0.1160000    0.1764341
   0.1180000    0.1919650
   0.1200000    0.2077336
   0.1220000    0.2231827
   0.1240000    0.2387692
   0.1260000    0.2544994
   0.1280000    0.2703796
   0.1300000    0.2864158
   0.1320000    0.3031094
   0.1340000    0.3198479
   0.1360000    0.3365136
   0.1380000    0.3529890
   0.1400000    0.3691566
   0.1420000    0.3839383
   0.1440000    0.3984173
   0.1460000    0.4127160
   0.1480000    0.4269571
   0.1500000    0.4412632
   0.1520000    0.4562771
   0.1540000    0.4714710
   0.1560000    0.4868376
   0.1580000    0.5023693
   0.1600000    0.5180587
   0.1620000    0.5345006
   0.1640000    0.5509346
   0.1660000    0.5672028
   0.1680000    0.5831470
   0.1700000    0.5986094
   0.1720000    0.6123552
   0.1740000    0.6255722
   0.1760000    0.6383715
   0.1780000    0.6508641
   0.1800000    0.6631613
   0.1820000    0.6751445
   0.1840000    0.6872118
   0.1860000    0.6995318
   0.1880000    0.7122728
   0.1900000    0.7256035
   0.1920000    0.7418018
   0.1940000    0.7583994
   0.1960000    0.7750373
   0.1980000    0.7913566
   0.2000000    0.8069985
   0.2020000    0.8197129
   0.2040000    0.8315048
   0.2060000    0.8424882
   0.2080000    0.8527768
   0.2100000    0.8624847
   0.2120000    0.8719447
   0.2140000    0.8809970
   0.2160000    0.8897005
   0.2180000    0.8981145
   0.2200000    0.9062981
   0.2220000    0.9144963
   0.2240000    0.9225358
   0.2260000    0.9304292
   0.2280000    0.9381891
   0.2300000    0.9458282
   0.2320000    0.9544977
   0.2340000    0.9627869
   0.2360000    0.9704238
   0.2380000    0.9771363
   0.2400000    0.9826525
   0.2420000    0.9838918
   0.2440000    0.9840928
   0.2460000    0.9836856
   0.2480000    0.9831002
   0.2500000    0.9827667
   0.2520000    0.9865681
   0.2540000    0.9906184
   0.2560000    0.9944843
   0.2580000    0.9977328
   0.2600000    0.9999306
   0.2620000    0.9974148
   0.2640000    0.9937895
   0.2660000    0.9894290
   0.2680000    0.9847078
   0.2700000    0.9800000
   0.2720000    0.9774183
   0.2740000    0.9751642
   0.2760000    0.9731773
   0.2780000    0.9713975
   0.2800000    0.9697645
   0.2820000    0.9680821
   0.2840000    0.9664600
   0.2860000    0.9648718
   0.2880000    0.9632912
   0.2900000    0.9616920
   0.2920000    0.9600388
   0.2940000    0.9583166
   0.2960000    0.9565014
   0.2980000    0.9545691
   0.3000000    0.9524957
   0.3020000    0.9500816
   0.3040000    0.9475222
   0.3060000    0.9448372
   0.3080000    0.9420466
   0.3100000    0.9391700
   0.3120000    0.9362933
   0.3140000    0.9333539
   0.3160000    0.9303551
   0.3180000    0.9273002
   0.3200000    0.9241926
   0.3220000    0.9209539
   0.3240000    0.9176895
   0.3260000    0.9144232
   0.3280000    0.9111789
   0.3300000    0.9079802
   0.3320000    0.9051323
   0.3340000    0.9023073
   0.3360000    0.8994586
   0.3380000    0.8965394
   0.3400000    0.8935034
   0.3420000    0.8900071
   0.3440000    0.8863748
   0.3460000    0.8826342
   0.3480000    0.8788130
   0.3500000    0.8749386
   0.3520000    0.8711687
   0.3540000    0.8673684
   0.3560000    0.8635329
   0.3580000    0.8596572
   0.3600000    0.8557365
   0.3620000    0.8516148
   0.3640000    0.8474761
   0.3660000    0.8433533
   0.3680000    0.8392793
   0.3700000    0.8352871
   0.3720000    0.8318033
   0.3740000    0.8283685
   0.3760000    0.8249174
   0.3780000    0.8213843
   0.3800000    0.8177038
   0.3820000    0.8133190
   0.3840000    0.8087785
   0.3860000    0.8041397
   0.3880000    0.7994597
   0.3900000    0.7947960
   0.3920000    0.7904981
   0.3940000    0.7862580
   0.3960000    0.7820598
   0.3980000    0.7778877
   0.4000000    0.7737260
   0.4020000    0.7694596
   0.4040000    0.7651967
   0.4060000    0.7609465
   0.4080000    0.7567178
   0.4100000    0.7525199
   0.4120000    0.7483600
   0.4140000    0.7442491
   0.4160000    0.7401969
   0.4180000    0.7362127
   0.4200000    0.7323060
   0.4220000    0.7285599
   0.4240000    0.7248918
   0.4260000    0.7212926
   0.4280000    0.7177534
   0.4300000    0.7142653
   0.4320000    0.7107829
   0.4340000    0.7073427
   0.4360000    0.7039447
   0.4380000    0.7005891
   0.4400000    0.6972760
   0.4420000    0.6940451
   0.4440000    0.6908470
   0.4460000    0.6876718
   0.4480000    0.6845096
   0.4500000    0.6813507
   0.4520000    0.6783398
   0.4540000    0.6752738
   0.4560000    0.6721043
   0.4580000    0.6687829
   0.4600000    0.6652609
   0.4620000    0.6609238
   0.4640000    0.6564309
   0.4660000    0.6518751
   0.4680000    0.6473496
   0.4700000    0.6429475
   0.4720000    0.6394362
   0.4740000    0.6360658
   0.4760000    0.6327608
   0.4780000    0.6294455
   0.4800000    0.6260444
   0.4820000    0.6220883
   0.4840000    0.6179937
   0.4860000    0.6137837
   0.4880000    0.6094810
   0.4900000    0.6051086
   0.4920000    0.6007721
   0.4940000    0.5963910
   0.4960000    0.5919675
   0.4980000    0.5875037
   0.5000000    0.5830019
   0.5020000    0.5785361
   0.5040000    0.5740186
   0.5060000    0.5694338
   0.5080000    0.5647659
   0.5100000    0.5599990
   0.5120000    0.5548717
   0.5140000    0.5496755
   0.5160000    0.5444559
   0.5180000    0.5392586
   0.5200000    0.5341294
   0.5220000    0.5294243
   0.5240000    0.5248010
   0.5260000    0.5202275
   0.5280000    0.5156718
   0.5300000    0.5111021
   0.5320000    0.5062235
   0.5340000    0.5013326
   0.5360000    0.4964633
   0.5380000    0.4916492
   0.5400000    0.4869241
   0.5420000    0.4825018
   0.5440000    0.4781911
   0.5460000    0.4739808
   0.5480000    0.4698595
   0.5500000    0.4658160
   0.5520000    0.4618579
   0.5540000    0.4579505
   0.5560000    0.4540779
   0.5580000    0.4502240
   0.5600000    0.4463731
   0.5620000    0.4423847
   0.5640000    0.4383984
   0.5660000    0.4344295
   0.5680000    0.4304931
   0.5700000    0.4266044
   0.5720000    0.4229042
   0.5740000    0.4192506
   0.5760000    0.4156275
   0.5780000    0.4120185
   0.5800000    0.4084076
   0.5820000    0.4047207
   0.5840000    0.4010138
   0.5860000    0.3972851
   0.5880000    0.3935328
   0.5900000    0.3897552
   0.5920000    0.3859007
   0.5940000    0.3820297
   0.5960000    0.3781528
   0.5980000    0.3742807
   0.6000000    0.3704240
   0.6020000    0.3667031
   0.6040000    0.3629915
   0.6060000    0.3592725
   0.6080000    0.3555292
   0.6100000    0.3517448
   0.6120000    0.3477388
   0.6140000    0.3436991
   0.6160000    0.3396499
   0.6180000    0.3356155
   0.6200000    0.3316200
   0.6220000    0.3278238
   0.6240000    0.3240808
   0.6260000    0.3203811
   0.6280000    0.3167149
   0.6300000    0.3130723
   0.6320000    0.3093371
   0.6340000    0.3056323
   0.6360000    0.3019748
   0.6380000    0.2983811
   0.6400000    0.2948680
   0.6420000    0.2916564
   0.6440000    0.2885078
   0.6460000    0.2853879
   0.6480000    0.2822624
   0.6500000    0.2790970
   0.6520000    0.2755303
   0.6540000    0.2719368
   0.6560000    0.2683641
   0.6580000    0.2648595
   0.6600000    0.2614706
   0.6620000    0.2585447
   0.6640000    0.2557544
   0.6660000    0.2530722
   0.6680000    0.2504707
   0.6700000    0.2479224
   0.6720000    0.2452675
   0.6740000    0.2426438
   0.6760000    0.2400569
   0.6780000    0.2375125
   0.6800000    0.2350160
   0.6820000    0.2326310
   0.6840000    0.2302906
   0.6860000    0.2279860
   0.6880000    0.2257083
   0.6900000    0.2234486
   0.6920000    0.2211511
   0.6940000    0.2188655
   0.6960000    0.2165947
   0.6980000    0.2143414
   0.7000000    0.2121085
   0.7020000    0.2099405
   0.7040000    0.2077880
   0.7060000    0.2056436
   0.7080000    0.2034996
   0.7100000    0.2013483
   0.7120000    0.1991534
   0.7140000    0.1969433
   0.7160000    0.1947175
   0.7180000    0.1924758
   0.7200000    0.1902177
   0.7220000    0.1879429
   0.7240000    0.1856509
   0.7260000    0.1833413
   0.7280000    0.1810136
   0.7300000    0.1786674
   0.7320000    0.1761811
   0.7340000    0.1737057
   0.7360000    0.1712711
   0.7380000    0.1689073
   0.7400000    0.1666441
   0.7420000    0.1647966
   0.7440000    0.1630382
   0.7460000    0.1613274
   0.7480000    0.1596228
   0.7500000    0.1578829
   0.7520000    0.1557547
   0.7540000    0.1535862
   0.7560000    0.1514139
   0.7580000    0.1492743
   0.7600000    0.1472039
   0.7620000    0.1454403
   0.7640000    0.1437685
   0.7660000    0.1421747
   0.7680000    0.1406450
   0.7700000    0.1391656
   0.7720000    0.1376766
   0.7740000    0.1362218
   0.7760000    0.1347989
   0.7780000    0.1334056
   0.7800000    0.1320396
   0.7820000    0.1306925
   0.7840000    0.1293696
   0.7860000    0.1280701
   0.7880000    0.1267934
   0.7900000    0.1255385
   0.7920000    0.1243083
   0.7940000    0.1230976
   0.7960000    0.1219047
   0.7980000    0.1207279
   0.8000000    0.1195655
   0.8020000    0.1184028
   0.8040000    0.1172545
   0.8060000    0.1161222
   0.8080000    0.1150075
   0.8100000    0.1139120
   0.8120000    0.1128405
   0.8140000    0.1117905
   0.8160000    0.1107630
   0.8180000    0.1097586
   0.8200000    0.1087783
   0.8220000    0.1078649
   0.8240000    0.1069666
   0.8260000    0.1060736
   0.8280000    0.1051763
   0.8300000    0.1042649
   0.8320000    0.1032707
   0.8340000    0.1022577
   0.8360000    0.1012309
   0.8380000    0.1001955
   0.8400000    0.0991564
   0.8420000    0.0981408
   0.8440000    0.0971261
   0.8460000    0.0961118
   0.8480000    0.0950972
   0.8500000    0.0940820
   0.8520000    0.0930659
   0.8540000    0.0920480
   0.8560000    0.0910277
   0.8580000    0.0900044
   0.8600000    0.0889775
   0.8620000    0.0879412
   0.8640000    0.0869014
   0.8660000    0.0858589
   0.8680000    0.0848143
   0.8700000    0.0837684
   0.8720000    0.0827237
   0.8740000    0.0816786
   0.8760000    0.0806335
   0.8780000    0.0795886
   0.8800000    0.0785441
   0.8820000    0.0775031
   0.8840000    0.0764624
   0.8860000    0.0754216
   0.8880000    0.0743804
   0.8900000    0.0733383
   0.8920000    0.0722962
   0.8940000    0.0712520
   0.8960000    0.0702052
   0.8980000    0.0691548
   0.9000000    0.0681003
   0.9020000    0.0670363
   0.9040000    0.0659679
   0.9060000    0.0648953
   0.9080000    0.0638190
   0.9100000    0.0627394
   0.9120000    0.0616567
   0.9140000    0.0605716
   0.9160000    0.0594845
   0.9180000    0.0583959
   0.9200000    0.0573061
   0.9220000    0.0562146
   0.9240000    0.0551232
   0.9260000    0.0540325
   0.9280000    0.0529433
   0.9300000    0.0518562
   0.9320000    0.0507739
   0.9340000    0.0496947
   0.9360000    0.0486189
   0.9380000    0.0475466
   0.9400000    0.0464781
   0.9420000    0.0454155
   0.9440000    0.0443567
   0.9460000    0.0433015
   0.9480000    0.0422495
   0.9500000    0.0412007
   0.9520000    0.0401537
   0.9540000    0.0391095
   0.9560000    0.0380682
   0.9580000    0.0370299
   0.9600000    0.0359944
   0.9620000    0.0349649
   0.9640000    0.0339377
   0.9660000    0.0329118
   0.9680000    0.0318866
   0.9700000    0.0308614
   0.9720000    0.0298308
   0.9740000    0.0287998
   0.9760000    0.0277688
   0.9780000    0.0267380
   0.9800000    0.0257080
   0.9820000    0.0246637
   0.9840000    0.0236248
   0.9860000    0.0225953
   0.9880000    0.0215794
   0.9900000    0.0205815
   0.9920000    0.0196227
   0.9940000    0.0186859
   0.9960000    0.0177710
   0.9980000    0.0168780
   1.0000000    0.0160069
   1.0020000    0.0151569
   1.0040000    0.0143287
   1.0060000    0.0135225
   1.0080000    0.0127383
   1.0100000    0.0119763
   1.0120000    0.0112876
   1.0140000    0.0106085
   1.0160000    0.0099263
   1.0180000    0.0092283
   1.0200000    0.0085019
   1.0220000    0.0075708
   1.0240000    0.0066268
   1.0260000    0.0056982
   1.0280000    0.0048132
   1.0300000    0.0040000
   1.0320000    0.0034799
   1.0340000    0.0030399
   1.0360000    0.0026599
   1.0380000    0.0023199
   1.0400000    0.0020000
   1.0420000    0.0015360
   1.0440000    0.0010880
   1.0460000    0.0006720
   1.0480000    0.0003040
   1.0500000    0.0000000
   1.0520000    0.0000000
   1.0540000    0.0000000
   1.0560000    0.0000000
   1.0580000    0.0000000
   1.0600000    0.0000000
   1.0620000    0.0000000
   1.0640000    0.0000000
   1.0660000    0.0000000
   1.0680000    0.0000000
   1.0700000    0.0000000
   1.0720000    0.0000000
   1.0740000    0.0000000
   1.0760000    0.0000000
   1.0780000    0.0000000
   1.0800000    0.0000000
   1.0820000    0.0000000
   1.0840000    0.0000000
   1.0860000    0.0000000
   1.0880000    0.0000000
   1.0900000    0.0000000
   1.0920000    0.0000000
   1.0940000    0.0000000
   1.0960000    0.0000000
   1.0980000    0.0000000
   1.1000000    0.0000000
   1.1020000    0.0000000
   1.1040000    0.0000000
   1.1060000    0.0000000
   1.1080000    0.0000000
   1.1100000    0.0000000
   1.1120000    0.0000000
   1.1140000    0.0000000
   1.1160000    0.0000000
   1.1180000    0.0000000
   1.1200000    0.0000000
   1.1220000    0.0000000
   1.1240000    0.0000000
   1.1260000    0.0000000
   1.1280000    0.0000000
   1.1300000    0.0000000
   1.1320000    0.0000000
   1.1340000    0.0000000
   1.1360000    0.0000000
   1.1380000    0.0000000
   1.1400000    0.0000000
   1.1420000    0.0000000
   1.1440000    0.0000000
   1.1460000    0.0000000
   1.1480000    0.0000000
   1.1500000    0.0000000
   1.1520000    0.0000000
   1.1540000    0.0000000
   1.1560000    0.0000000
   1.1580000    0.0000000
   1.1600000    0.0000000
   1.1620000    0.0000000
   1.1640000    0.0000000
   1.1660000    0.0000000
   1.1680000    0.0000000
   1.1700000    0.0000000
   1.1720000    0.0000000
   1.1740000    0.0000000
   1.1760000    0.0000000
   1.1780000    0.0000000
   1.1800000    0.0000000
   1.1820000    0.0000000
   1.1840000    0.0000000
   1.1860000    0.0000000
   1.1880000    0.0000000
   1.1900000    0.0000000
   1.1920000    0.0000000
   1.1940000    0.0000000
   1.1960000    0.0000000
   1.1980000    0.0000000
   1.2000000    0.0000000
   1.2020000    0.0000000
   1.2040000    0.0000000
   1.2060000    0.0000000
   1.2080000    0.0000000
   1.2100000    0.0000000
   1.2120000    0.0000000
   1.2140000    0.0000000
   1.2160000    0.0000000
   1.2180000    0.0000000
   1.2200000    0.0000000
   1.2220000    0.0000000
   1.2240000    0.0000000
   1.2260000    0.0000000
   1.2280000    0.0000000
   1.2300000    0.0000000
   1.2320000    0.0000000
   1.2340000    0.0000000
   1.2360000    0.0000000
   1.2380000    0.0000000
   1.2400000    0.0000000
   1.2420000    0.0000000
   1.2440000    0.0000000
   1.2460000    0.0000000
   1.2480000    0.0000000
   1.2500000    0.0000000
   1.2520000    0.0000000
   1.2540000    0.0000000
   1.2560000    0.0000000
   1.2580000    0.0000000
   1.2600000    0.0000000
   1.2620000    0.0000000
   1.2640000    0.0000000
   1.2660000    0.0000000
   1.2680000    0.0000000
   1.2700000    0.0000000
   1.2720000    0.0000000
   1.2740000    0.0000000
   1.2760000    0.0000000
   1.2780000    0.0000000
   1.2800000    0.0000000
   1.2820000    0.0000000
   1.2840000    0.0000000
   1.2860000    0.0000000
   1.2880000    0.0000000
   1.2900000    0.0000000
   1.2920000    0.0000000
   1.2940000    0.0000000
   1.2960000    0.0000000
   1.2980000    0.0000000
   1.3000000    0.0000000
   1.3020000    0.0000000
   1.3040000    0.0000000
   1.3060000    0.0000000
   1.3080000    0.0000000
   1.3100000    0.0000000
   1.3120000    0.0000000
   1.3140000    0.0000000
   1.3160000    0.0000000
   1.3180000    0.0000000
   1.3200000    0.0000000
   1.3220000    0.0000000
   1.3240000    0.0000000
   1.3260000    0.0000000
   1.3280000    0.0000000
   1.3300000    0.0000000
   1.3320000    0.0000000
   1.3340000    0.0000000
   1.3360000    0.0000000
   1.3380000    0.0000000
   1.3400000    0.0000000
   1.3420000    0.0000000
   1.3440000    0.0000000
   1.3460000    0.0000000
   1.3480000    0.0000000
   1.3500000    0.0000000
   1.3520000    0.0000000
   1.3540000    0.0000000
   1.3560000    0.0000000
   1.3580000    0.0000000
   1.3600000    0.0000000
   1.3620000    0.0000000
   1.3640000    0.0000000
   1.3660000    0.0000000
   1.3680000    0.0000000
   1.3700000    0.0000000
   1.3720000    0.0000000
   1.3740000    0.0000000
   1.3760000    0.0000000
   1.3780000    0.0000000
   1.3800000    0.0000000
   1.3820000    0.0000000
   1.3840000    0.0000000
   1.3860000    0.0000000
   1.3880000    0.0000000
   1.3900000    0.0000000
   1.3920000    0.0000000
   1.3940000    0.0000000
   1.3960000    0.0000000
   1.3980000    0.0000000
   1.4000000    0.0000000
   1.4020000    0.0000000
   1.4040000    0.0000000
   1.4060000    0.0000000
   1.4080000    0.0000000
   1.4100000    0.0000000
   1.4120000    0.0000000
   1.4140000    0.0000000
   1.4160000    0.0000000
   1.4180000    0.0000000
   1.4200000    0.0000000
   1.4220000    0.0000000
   1.4240000    0.0000000
   1.4260000    0.0000000
   1.4280000    0.0000000
   1.4300000    0.0000000
   1.4320000    0.0000000
   1.4340000    0.0000000
   1.4360000    0.0000000
   1.4380000    0.0000000
   1.4400000    0.0000000
   1.4420000    0.0000000
   1.4440000    0.0000000
   1.4460000    0.0000000
   1.4480000    0.0000000
   1.4500000    0.0000000
   1.4520000    0.0000000
   1.4540000    0.0000000
   1.4560000    0.0000000
   1.4580000    0.0000000
   1.4600000    0.0000000
   1.4620000    0.0000000
   1.4640000    0.0000000
   1.4660000    0.0000000
   1.4680000    0.0000000
   1.4700000    0.0000000
   1.4720000    0.0000000
   1.4740000    0.0000000
   1.4760000    0.0000000
   1.4780000    0.0000000
   1.4800000    0.0000000
   1.4820000    0.0000000
   1.4840000    0.0000000
   1.4860000    0.0000000
   1.4880000    0.0000000
   1.4900000    0.0000000
   1.4920000    0.0000000
   1.4940000    0.0000000
   1.4960000    0.0000000
   1.4980000    0.0000000
   1.5000000    0.0000000
   1.5020000    0.0000000
   1.5040000    0.0000000
   1.5060000    0.0000000
   1.5080000    0.0000000
   1.5100000    0.0000000
   1.5120000    0.0000000
   1.5140000    0.0000000
   1.5160000    0.0000000
   1.5180000    0.0000000
   1.5200000    0.0000000
   1.5220000    0.0000000
   1.5240000    0.0000000
   1.5260000    0.0000000
   1.5280000    0.0000000
   1.5300000    0.0000000
   1.5320000    0.0000000
   1.5340000    0.0000000
   1.5360000    0.0000000
   1.5380000    0.0000000
   1.5400000    0.0000000
   1.5420000    0.0000000
   1.5440000    0.0000000
   1.5460000    0.0000000
   1.5480000    0.0000000
   1.5500000    0.0000000
   1.5520000    0.0000000
   1.5540000    0.0000000
   1.5560000    0.0000000
   1.5580000    0.0000000
   1.5600000    0.0000000
   1.5620000    0.0000000
   1.5640000    0.0000000
   1.5660000    0.0000000
   1.5680000    0.0000000
   1.5700000    0.0000000
   1.5720000    0.0000000
   1.5740000    0.0000000
   1.5760000    0.0000000
   1.5780000    0.0000000
   1.5800000    0.0000000
   1.5820000    0.0000000
   1.5840000    0.0000000
   1.5860000    0.0000000
   1.5880000    0.0000000
   1.5900000    0.0000000
   1.5920000    0.0000000
   1.5940000    0.0000000
   1.5960000    0.0000000
   1.5980000    0.0000000
   1.6000000    0.0000000
   1.6020000    0.0000000
   1.6040000    0.0000000
   1.6060000    0.0000000
   1.6080000    0.0000000
   1.6100000    0.0000000
   1.6120000    0.0000000
   1.6140000    0.0000000
   1.6160000    0.0000000
   1.6180000    0.0000000
   1.6200000    0.0000000
   1.6220000    0.0000000
   1.6240000    0.0000000
   1.6260000    0.0000000
   1.6280000    0.0000000
   1.6300000    0.0000000
   1.6320000    0.0000000
   1.6340000    0.0000000
   1.6360000    0.0000000
   1.6380000    0.0000000
   1.6400000    0.0000000
   1.6420000    0.0000000
   1.6440000    0.0000000
   1.6460000    0.0000000
   1.6480000    0.0000000
   1.6500000    0.0000000
   1.6520000    0.0000000
   1.6540000    0.0000000
   1.6560000    0.0000000
   1.6580000    0.0000000
   1.6600000    0.0000000
   1.6620000    0.0000000
   1.6640000    0.0000000
   1.6660000    0.0000000
   1.6680000    0.0000000
   1.6700000    0.0000000
   1.6720000    0.0000000
   1.6740000    0.0000000
   1.6760000    0.0000000
   1.6780000    0.0000000
   1.6800000    0.0000000
   1.6820000    0.0000000
   1.6840000    0.0000000
   1.6860000    0.0000000
   1.6880000    0.0000000
   1.6900000    0.0000000
   1.6920000    0.0000000
   1.6940000    0.0000000
   1.6960000    0.0000000
   1.6980000    0.0000000
   1.7000000    0.0000000
   1.7020000    0.0000000
   1.7040000    0.0000000
   1.7060000    0.0000000
   1.7080000    0.0000000
   1.7100000    0.0000000
   1.7120000    0.0000000
   1.7140000    0.0000000
   1.7160000    0.0000000
   1.7180000    0.0000000
   1.7200000    0.0000000
   1.7220000    0.0000000
   1.7240000    0.0000000
   1.7260000    0.0000000
   1.7280000    0.0000000
   1.7300000    0.0000000
   1.7320000    0.0000000
   1.7340000    0.0000000
   1.7360000    0.0000000
   1.7380000    0.0000000
   1.7400000    0.0000000
   1.7420000    0.0000000
   1.7440000    0.0000000
   1.7460000    0.0000000
   1.7480000    0.0000000
   1.7500000    0.0000000
   1.7520000    0.0000000
   1.7540000    0.0000000
   1.7560000    0.0000000
   1.7580000    0.0000000
   1.7600000    0.0000000
   1.7620000    0.0000000
   1.7640000    0.0000000
   1.7660000    0.0000000
   1.7680000    0.0000000
   1.7700000    0.0000000
   1.7720000    0.0000000
   1.7740000    0.0000000
   1.7760000    0.0000000
   1.7780000    0.0000000
   1.7800000    0.0000000
   1.7820000    0.0000000
   1.7840000    0.0000000
   1.7860000    0.0000000
   1.7880000    0.0000000
   1.7900000    0.0000000
   1.7920000    0.0000000
   1.7940000    0.0000000
   1.7960000    0.0000000
   1.7980000    0.0000000
   1.8000000    0.0000000
   1.8020000    0.0000000
   1.8040000    0.0000000
   1.8060000    0.0000000
   1.8080000    0.0000000
   1.8100000    0.0000000
   1.8120000    0.0000000
   1.8140000    0.0000000
   1.8160000    0.0000000
   1.8180000    0.0000000
   1.8200000    0.0000000
   1.8220000    0.0000000
   1.8240000    0.0000000
   1.8260000    0.0000000
   1.8280000    0.0000000
   1.8300000    0.0000000
   1.8320000    0.0000000
   1.8340000    0.0000000
   1.8360000    0.0000000
   1.8380000    0.0000000
   1.8400000    0.0000000
   1.8420000    0.0000000
   1.8440000    0.0000000
   1.8460000    0.0000000
   1.8480000    0.0000000
   1.8500000    0.0000000
   1.8520000    0.0000000
   1.8540000    0.0000000
   1.8560000    0.0000000
   1.8580000    0.0000000
   1.8600000    0.0000000
   1.8620000    0.0000000
   1.8640000    0.0000000
   1.8660000    0.0000000
   1.8680000    0.0000000
   1.8700000    0.0000000
   1.8720000    0.0000000
   1.8740000    0.0000000
   1.8760000    0.0000000
   1.8780000    0.0000000
   1.8800000    0.0000000
   1.8820000    0.0000000
   1.8840000    0.0000000
   1.8860000    0.0000000
   1.8880000    0.0000000
   1.8900000    0.0000000
   1.8920000    0.0000000
   1.8940000    0.0000000
   1.8960000    0.0000000
   1.8980000    0.0000000
   1.9000000    0.0000000
   1.9020000    0.0000000
   1.9040000    0.0000000
   1.9060000    0.0000000
   1.9080000    0.0000000
   1.9100000    0.0000000
   1.9120000    0.0000000
   1.9140000    0.0000000
   1.9160000    0.0000000
   1.9180000    0.0000000
   1.9200000    0.0000000
   1.9220000    0.0000000
   1.9240000    0.0000000
   1.9260000    0.0000000
   1.9280000    0.0000000
   1.9300000    0.0000000
   1.9320000    0.0000000
   1.9340000    0.0000000
   1.9360000    0.0000000
   1.9380000    0.0000000
   1.9400000    0.0000000
   1.9420000    0.0000000
   1.9440000    0.0000000
   1.9460000    0.0000000
   1.9480000    0.0000000
   1.9500000    0.0000000
   1.9520000    0.0000000
   1.9540000    0.0000000
   1.9560000    0.0000000
   1.9580000    0.0000000
   1.9600000    0.0000000
   1.9620000    0.0000000
   1.9640000    0.0000000
   1.9660000    0.0000000
   1.9680000    0.0000000
   1.9700000    0.0000000
   1.9720000    0.0000000
   1.9740000    0.0000000
   1.9760000    0.0000000
   1.9780000    0.0000000
   1.9800000    0.0000000
   1.9820000    0.0000000
   1.9840000    0.0000000
   1.9860000    0.0000000
   1.9880000    0.0000000
   1.9900000    0.0000000
   1.9920000    0.0000000
   1.9940000    0.0000000
   1.9960000    0.0000000
   1.9980000    0.0000000
   2.0000000    0.0000000
   2.0020000    0.0000000
   2.0040000    0.0000000
   2.0060000    0.0000000
   2.0080000    0.0000000
   2.0100000    0.0000000
   2.0120000    0.0000000
   2.0140000    0.0000000
   2.0160000    0.0000000
   2.0180000    0.0000000
   2.0200000    0.0000000
   2.0220000    0.0000000
   2.0240000    0.0000000
   2.0260000    0.0000000
   2.0280000    0.0000000
   2.0300000    0.0000000
   2.0320000    0.0000000
   2.0340000    0.0000000
   2.0360000    0.0000000
   2.0380000    0.0000000
   2.0400000    0.0000000
   2.0420000    0.0000000
   2.0440000    0.0000000
   2.0460000    0.0000000
   2.0480000    0.0000000
   2.0500000    0.0000000
   2.0520000    0.0000000
   2.0540000    0.0000000
   2.0560000    0.0000000
   2.0580000    0.0000000
   2.0600000    0.0000000
   2.0620000    0.0000000
   2.0640000    0.0000000
   2.0660000    0.0000000
   2.0680000    0.0000000
   2.0700000    0.0000000
   2.0720000    0.0000000
   2.0740000    0.0000000
   2.0760000    0.0000000
   2.0780000    0.0000000
   2.0800000    0.0000000
   2.0820000    0.0000000
   2.0840000    0.0000000
   2.0860000    0.0000000
   2.0880000    0.0000000
   2.0900000    0.0000000
   2.0920000    0.0000000
   2.0940000    0.0000000
   2.0960000    0.0000000
   2.0980000    0.0000000
   2.1000000    0.0000000
   2.1020000    0.0000000
   2.1040000    0.0000000
   2.1060000    0.0000000
   2.1080000    0.0000000
   2.1100000    0.0000000
   2.1120000    0.0000000
   2.1140000    0.0000000
   2.1160000    0.0000000
   2.1180000    0.0000000
   2.1200000    0.0000000
   2.1220000    0.0000000
   2.1240000    0.0000000
   2.1260000    0.0000000
   2.1280000    0.0000000
   2.1300000    0.0000000
   2.1320000    0.0000000
   2.1340000    0.0000000
   2.1360000    0.0000000
   2.1380000    0.0000000
   2.1400000    0.0000000
   2.1420000    0.0000000
   2.1440000    0.0000000
   2.1460000    0.0000000
   2.1480000    0.0000000
   2.1500000    0.0000000
   2.1520000    0.0000000
   2.1540000    0.0000000
   2.1560000    0.0000000
   2.1580000    0.0000000
   2.1600000    0.0000000
   2.1620000    0.0000000
   2.1640000    0.0000000
   2.1660000    0.0000000
   2.1680000    0.0000000
   2.1700000    0.0000000
   2.1720000    0.0000000
   2.1740000    0.0000000
   2.1760000    0.0000000
   2.1780000    0.0000000
   2.1800000    0.0000000
   2.1820000    0.0000000
   2.1840000    0.0000000
   2.1860000    0.0000000
   2.1880000    0.0000000
   2.1900000    0.0000000
   2.1920000    0.0000000
   2.1940000    0.0000000
   2.1960000    0.0000000
   2.1980000    0.0000000
   2.2000000    0.0000000
   2.2020000    0.0000000
   2.2040000    0.0000000
   2.2060000    0.0000000
   2.2080000    0.0000000
   2.2100000    0.0000000
   2.2120000    0.0000000
   2.2140000    0.0000000
   2.2160000    0.0000000
   2.2180000    0.0000000
   2.2200000    0.0000000
   2.2220000    0.0000000
   2.2240000    0.0000000
   2.2260000    0.0000000
   2.2280000    0.0000000
   2.2300000    0.0000000
   2.2320000    0.0000000
   2.2340000    0.0000000
   2.2360000    0.0000000
   2.2380000    0.0000000
   2.2400000    0.0000000
   2.2420000    0.0000000
   2.2440000    0.0000000
   2.2460000    0.0000000
   2.2480000    0.0000000
   2.2500000    0.0000000
   2.2520000    0.0000000
   2.2540000    0.0000000
   2.2560000    0.0000000
   2.2580000    0.0000000
   2.2600000    0.0000000
   2.2620000    0.0000000
   2.2640000    0.0000000
   2.2660000    0.0000000
   2.2680000    0.0000000
   2.2700000    0.0000000
   2.2720000    0.0000000
   2.2740000    0.0000000
   2.2760000    0.0000000
   2.2780000    0.0000000
   2.2800000    0.0000000
   2.2820000    0.0000000
   2.2840000    0.0000000
   2.2860000    0.0000000
   2.2880000    0.0000000
   2.2900000    0.0000000
   2.2920000    0.0000000
   2.2940000    0.0000000
   2.2960000    0.0000000
   2.2980000    0.0000000
   2.3000000    0.0000000
   2.3020000    0.0000000
   2.3040000    0.0000000
   2.3060000    0.0000000
   2.3080000    0.0000000
   2.3100000    0.0000000
   2.3120000    0.0000000
   2.3140000    0.0000000
   2.3160000    0.0000000
   2.3180000    0.0000000
   2.3200000    0.0000000
   2.3220000    0.0000000
   2.3240000    0.0000000
   2.3260000    0.0000000
   2.3280000    0.0000000
   2.3300000    0.0000000
   2.3320000    0.0000000
   2.3340000    0.0000000
   2.3360000    0.0000000
   2.3380000    0.0000000
   2.3400000    0.0000000
   2.3420000    0.0000000
   2.3440000    0.0000000
   2.3460000    0.0000000
   2.3480000    0.0000000
   2.3500000    0.0000000
   2.3520000    0.0000000
   2.3540000    0.0000000
   2.3560000    0.0000000
   2.3580000    0.0000000
   2.3600000    0.0000000
   2.3620000    0.0000000
   2.3640000    0.0000000
   2.3660000    0.0000000
   2.3680000    0.0000000
   2.3700000    0.0000000
   2.3720000    0.0000000
   2.3740000    0.0000000
   2.3760000    0.0000000
   2.3780000    0.0000000
   2.3800000    0.0000000
   2.3820000    0.0000000
   2.3840000    0.0000000
   2.3860000    0.0000000
   2.3880000    0.0000000
   2.3900000    0.0000000
   2.3920000    0.0000000
   2.3940000    0.0000000
   2.3960000    0.0000000
   2.3980000    0.0000000
   2.4000000    0.0000000
   2.4020000    0.0000000
   2.4040000    0.0000000
   2.4060000    0.0000000
   2.4080000    0.0000000
   2.4100000    0.0000000
   2.4120000    0.0000000
   2.4140000    0.0000000
   2.4160000    0.0000000
   2.4180000    0.0000000
   2.4200000    0.0000000
   2.4220000    0.0000000
   2.4240000    0.0000000
   2.4260000    0.0000000
   2.4280000    0.0000000
   2.4300000    0.0000000
   2.4320000    0.0000000
   2.4340000    0.0000000
   2.4360000    0.0000000
   2.4380000    0.0000000
   2.4400000    0.0000000
   2.4420000    0.0000000
   2.4440000    0.0000000
   2.4460000    0.0000000
   2.4480000    0.0000000
   2.4500000    0.0000000
   2.4520000    0.0000000
   2.4540000    0.0000000
   2.4560000    0.0000000
   2.4580000    0.0000000
   2.4600000    0.0000000
   2.4620000    0.0000000
   2.4640000    0.0000000
   2.4660000    0.0000000
   2.4680000    0.0000000
   2.4700000    0.0000000
   2.4720000    0.0000000
   2.4740000    0.0000000
   2.4760000    0.0000000
   2.4780000    0.0000000
   2.4800000    0.0000000
   2.4820000    0.0000000
   2.4840000    0.0000000
   2.4860000    0.0000000
   2.4880000    0.0000000
   2.4900000    0.0000000
   2.4920000    0.0000000
   2.4940000    0.0000000
   2.4960000    0.0000000
   2.4980000    0.0000000
   2.5000000    0.0000000
   2.5020000    0.0000000
   2.5040000    0.0000000
   2.5060000    0.0000000
   2.5080000    0.0000000
   2.5100000    0.0000000
   2.5120000    0.0000000
   2.5140000    0.0000000
   2.5160000    0.0000000
   2.5180000    0.0000000
   2.5200000    0.0000000
   2.5220000    0.0000000
   2.5240000    0.0000000
   2.5260000    0.0000000
   2.5280000    0.0000000
   2.5300000    0.0000000
   2.5320000    0.0000000
   2.5340000    0.0000000
   2.5360000    0.0000000
   2.5380000    0.0000000
   2.5400000    0.0000000
   2.5420000    0.0000000
   2.5440000    0.0000000
   2.5460000    0.0000000
   2.5480000    0.0000000
   2.5500000    0.0000000
   2.5520000    0.0000000
   2.5540000    0.0000000
   2.5560000    0.0000000
   2.5580000    0.0000000
   2.5600000    0.0000000
   2.5620000    0.0000000
   2.5640000    0.0000000
   2.5660000    0.0000000
   2.5680000    0.0000000
   2.5700000    0.0000000
   2.5720000    0.0000000
   2.5740000    0.0000000
   2.5760000    0.0000000
   2.5780000    0.0000000
   2.5800000    0.0000000
   2.5820000    0.0000000
   2.5840000    0.0000000
   2.5860000    0.0000000
   2.5880000    0.0000000
   2.5900000    0.0000000
   2.5920000    0.0000000
   2.5940000    0.0000000
   2.5960000    0.0000000
   2.5980000    0.0000000
   2.6000000    0.0000000
   2.6020000    0.0000000
   2.6040000    0.0000000
   2.6060000    0.0000000
   2.6080000    0.0000000
   2.6100000    0.0000000
   2.6120000    0.0000000
   2.6140000    0.0000000
   2.6160000    0.0000000
   2.6180000    0.0000000
   2.6200000    0.0000000
   2.6220000    0.0000000
   2.6240000    0.0000000
   2.6260000    0.0000000
   2.6280000    0.0000000
   2.6300000    0.0000000
   2.6320000    0.0000000
   2.6340000    0.0000000
   2.6360000    0.0000000
   2.6380000    0.0000000
   2.6400000    0.0000000
   2.6420000    0.0000000
   2.6440000    0.0000000
   2.6460000    0.0000000
   2.6480000    0.0000000
   2.6500000    0.0000000
   2.6520000    0.0000000
   2.6540000    0.0000000
   2.6560000    0.0000000
   2.6580000    0.0000000
   2.6600000    0.0000000
   2.6620000    0.0000000
   2.6640000    0.0000000
   2.6660000    0.0000000
   2.6680000    0.0000000
   2.6700000    0.0000000
   2.6720000    0.0000000
   2.6740000    0.0000000
   2.6760000    0.0000000
   2.6780000    0.0000000
   2.6800000    0.0000000
   2.6820000    0.0000000
   2.6840000    0.0000000
   2.6860000    0.0000000
   2.6880000    0.0000000
   2.6900000    0.0000000
   2.6920000    0.0000000
   2.6940000    0.0000000
   2.6960000    0.0000000
   2.6980000    0.0000000
   2.7000000    0.0000000
   2.7020000    0.0000000
   2.7040000    0.0000000
   2.7060000    0.0000000
   2.7080000    0.0000000
   2.7100000    0.0000000
   2.7120000    0.0000000
   2.7140000    0.0000000
   2.7160000    0.0000000
   2.7180000    0.0000000
   2.7200000    0.0000000
   2.7220000    0.0000000
   2.7240000    0.0000000
   2.7260000    0.0000000
   2.7280000    0.0000000
   2.7300000    0.0000000
   2.7320000    0.0000000
   2.7340000    0.0000000
   2.7360000    0.0000000
   2.7380000    0.0000000
   2.7400000    0.0000000
   2.7420000    0.0000000
   2.7440000    0.0000000
   2.7460000    0.0000000
   2.7480000    0.0000000
   2.7500000    0.0000000
   2.7520000    0.0000000
   2.7540000    0.0000000
   2.7560000    0.0000000
   2.7580000    0.0000000
   2.7600000    0.0000000
   2.7620000    0.0000000
   2.7640000    0.0000000
   2.7660000    0.0000000
   2.7680000    0.0000000
   2.7700000    0.0000000
   2.7720000    0.0000000
   2.7740000    0.0000000
   2.7760000    0.0000000
   2.7780000    0.0000000
   2.7800000    0.0000000
   2.7820000    0.0000000
   2.7840000    0.0000000
   2.7860000    0.0000000
   2.7880000    0.0000000
   2.7900000    0.0000000
   2.7920000    0.0000000
   2.7940000    0.0000000
   2.7960000    0.0000000
   2.7980000    0.0000000
   2.8000000    0.0000000
   2.8020000    0.0000000
   2.8040000    0.0000000
   2.8060000    0.0000000
   2.8080000    0.0000000
   2.8100000    0.0000000
   2.8120000    0.0000000
   2.8140000    0.0000000
   2.8160000    0.0000000
   2.8180000    0.0000000
   2.8200000    0.0000000
   2.8220000    0.0000000
   2.8240000    0.0000000
   2.8260000    0.0000000
   2.8280000    0.0000000
   2.8300000    0.0000000
   2.8320000    0.0000000
   2.8340000    0.0000000
   2.8360000    0.0000000
   2.8380000    0.0000000
   2.8400000    0.0000000
   2.8420000    0.0000000
   2.8440000    0.0000000
   2.8460000    0.0000000
   2.8480000    0.0000000
   2.8500000    0.0000000
   2.8520000    0.0000000
   2.8540000    0.0000000
   2.8560000    0.0000000
   2.8580000    0.0000000
   2.8600000    0.0000000
   2.8620000    0.0000000
   2.8640000    0.0000000
   2.8660000    0.0000000
   2.8680000    0.0000000
   2.8700000    0.0000000
   2.8720000    0.0000000
   2.8740000    0.0000000
   2.8760000    0.0000000
   2.8780000    0.0000000
   2.8800000    0.0000000
   2.8820000    0.0000000
   2.8840000    0.0000000
   2.8860000    0.0000000
   2.8880000    0.0000000
   2.8900000    0.0000000
   2.8920000    0.0000000
   2.8940000    0.0000000
   2.8960000    0.0000000
   2.8980000    0.0000000
   2.9000000    0.0000000
   2.9020000    0.0000000
   2.9040000    0.0000000
   2.9060000    0.0000000
   2.9080000    0.0000000
   2.9100000    0.0000000
   2.9120000    0.0000000
   2.9140000    0.0000000
   2.9160000    0.0000000
   2.9180000    0.0000000
   2.9200000    0.0000000
   2.9220000    0.0000000
   2.9240000    0.0000000
   2.9260000    0.0000000
   2.9280000    0.0000000
   2.9300000    0.0000000
   2.9320000    0.0000000
   2.9340000    0.0000000
   2.9360000    0.0000000
   2.9380000    0.0000000
   2.9400000    0.0000000
   2.9420000    0.0000000
   2.9440000    0.0000000
   2.9460000    0.0000000
   2.9480000    0.0000000
   2.9500000    0.0000000
   2.9520000    0.0000000
   2.9540000    0.0000000
   2.9560000    0.0000000
   2.9580000    0.0000000
   2.9600000    0.0000000
   2.9620000    0.0000000
   2.9640000    0.0000000
   2.9660000    0.0000000
   2.9680000    0.0000000
   2.9700000    0.0000000
   2.9720000    0.0000000
   2.9740000    0.0000000
   2.9760000    0.0000000
   2.9780000    0.0000000
   2.9800000    0.0000000
   2.9820000    0.0000000
   2.9840000    0.0000000
   2.9860000    0.0000000
   2.9880000    0.0000000
   2.9900000    0.0000000
   2.9920000    0.0000000
   2.9940000    0.0000000
   2.9960000    0.0000000
   2.9980000    0.0000000
   3.0000000    0.0000000
   3.0020000    0.0000000
   3.0040000    0.0000000
   3.0060000    0.0000000
   3.0080000    0.0000000
   3.0100000    0.0000000
   3.0120000    0.0000000
   3.0140000    0.0000000
   3.0160000    0.0000000
   3.0180000    0.0000000
   3.0200000    0.0000000
   3.0220000    0.0000000
   3.0240000    0.0000000
   3.0260000    0.0000000
   3.0280000    0.0000000
   3.0300000    0.0000000
   3.0320000    0.0000000
   3.0340000    0.0000000
   3.0360000    0.0000000
   3.0380000    0.0000000
   3.0400000    0.0000000
   3.0420000    0.0000000
   3.0440000    0.0000000
   3.0460000    0.0000000
   3.0480000    0.0000000
   3.0500000    0.0000000
   3.0520000    0.0000000
   3.0540000    0.0000000
   3.0560000    0.0000000
   3.0580000    0.0000000
   3.0600000    0.0000000
   3.0620000    0.0000000
   3.0640000    0.0000000
   3.0660000    0.0000000
   3.0680000    0.0000000
   3.0700000    0.0000000
   3.0720000    0.0000000
   3.0740000    0.0000000
   3.0760000    0.0000000
   3.0780000    0.0000000
   3.0800000    0.0000000
   3.0820000    0.0000000
   3.0840000    0.0000000
   3.0860000    0.0000000
   3.0880000    0.0000000
   3.0900000    0.0000000
   3.0920000    0.0000000
   3.0940000    0.0000000
   3.0960000    0.0000000
   3.0980000    0.0000000
   3.1000000    0.0000000
   3.1020000    0.0000000
   3.1040000    0.0000000
   3.1060000    0.0000000
   3.1080000    0.0000000
   3.1100000    0.0000000
   3.1120000    0.0000000
   3.1140000    0.0000000
   3.1160000    0.0000000
   3.1180000    0.0000000
   3.1200000    0.0000000
   3.1220000    0.0000000
   3.1240000    0.0000000
   3.1260000    0.0000000
   3.1280000    0.0000000
   3.1300000    0.0000000
   3.1320000    0.0000000
   3.1340000    0.0000000
   3.1360000    0.0000000
   3.1380000    0.0000000
   3.1400000    0.0000000
   3.1420000    0.0000000
   3.1440000    0.0000000
   3.1460000    0.0000000
   3.1480000    0.0000000
   3.1500000    0.0000000
   3.1520000    0.0000000
   3.1540000    0.0000000
   3.1560000    0.0000000
   3.1580000    0.0000000
   3.1600000    0.0000000
   3.1620000    0.0000000
   3.1640000    0.0000000
   3.1660000    0.0000000
   3.1680000    0.0000000
   3.1700000    0.0000000
   3.1720000    0.0000000
   3.1740000    0.0000000
   3.1760000    0.0000000
   3.1780000    0.0000000
   3.1800000    0.0000000
   3.1820000    0.0000000
   3.1840000    0.0000000
   3.1860000    0.0000000
   3.1880000    0.0000000
   3.1900000    0.0000000
   3.1920000    0.0000000
   3.1940000    0.0000000
   3.1960000    0.0000000
   3.1980000    0.0000000
   3.2000000    0.0000000
   3.2020000    0.0000000
   3.2040000    0.0000000
   3.2060000    0.0000000
   3.2080000    0.0000000
   3.2100000    0.0000000
   3.2120000    0.0000000
   3.2140000    0.0000000
   3.2160000    0.0000000
   3.2180000    0.0000000
   3.2200000    0.0000000
   3.2220000    0.0000000
   3.2240000    0.0000000
   3.2260000    0.0000000
   3.2280000    0.0000000
   3.2300000    0.0000000
   3.2320000    0.0000000
   3.2340000    0.0000000
   3.2360000    0.0000000
   3.2380000    0.0000000
   3.2400000    0.0000000
   3.2420000    0.0000000
   3.2440000    0.0000000
   3.2460000    0.0000000
   3.2480000    0.0000000
   3.2500000    0.0000000
   3.2520000    0.0000000
   3.2540000    0.0000000
   3.2560000    0.0000000
   3.2580000    0.0000000
   3.2600000    0.0000000
   3.2620000    0.0000000
   3.2640000    0.0000000
   3.2660000    0.0000000
   3.2680000    0.0000000
   3.2700000    0.0000000
   3.2720000    0.0000000
   3.2740000    0.0000000
   3.2760000    0.0000000
   3.2780000    0.0000000
   3.2800000    0.0000000
   3.2820000    0.0000000
   3.2840000    0.0000000
   3.2860000    0.0000000
   3.2880000    0.0000000
   3.2900000    0.0000000
   3.2920000    0.0000000
   3.2940000    0.0000000
   3.2960000    0.0000000
   3.2980000    0.0000000
   3.3000000    0.0000000
   3.3020000    0.0000000
   3.3040000    0.0000000
   3.3060000    0.0000000
   3.3080000    0.0000000
   3.3100000    0.0000000
   3.3120000    0.0000000
   3.3140000    0.0000000
   3.3160000    0.0000000
   3.3180000    0.0000000
   3.3200000    0.0000000
   3.3220000    0.0000000
   3.3240000    0.0000000
   3.3260000    0.0000000
   3.3280000    0.0000000
   3.3300000    0.0000000
   3.3320000    0.0000000
   3.3340000    0.0000000
   3.3360000    0.0000000
   3.3380000    0.0000000
   3.3400000    0.0000000
   3.3420000    0.0000000
   3.3440000    0.0000000
   3.3460000    0.0000000
   3.3480000    0.0000000
   3.3500000    0.0000000
   3.3520000    0.0000000
   3.3540000    0.0000000
   3.3560000    0.0000000
   3.3580000    0.0000000
   3.3600000    0.0000000
   3.3620000    0.0000000
   3.3640000    0.0000000
   3.3660000    0.0000000
   3.3680000    0.0000000
   3.3700000    0.0000000
   3.3720000    0.0000000
   3.3740000    0.0000000
   3.3760000    0.0000000
   3.3780000    0.0000000
   3.3800000    0.0000000
   3.3820000    0.0000000
   3.3840000    0.0000000
   3.3860000    0.0000000
   3.3880000    0.0000000
   3.3900000    0.0000000
   3.3920000    0.0000000
   3.3940000    0.0000000
   3.3960000    0.0000000
   3.3980000    0.0000000
   3.4000000    0.0000000
   3.4020000    0.0000000
   3.4040000    0.0000000
   3.4060000    0.0000000
   3.4080000    0.0000000
   3.4100000    0.0000000
   3.4120000    0.0000000
   3.4140000    0.0000000
   3.4160000    0.0000000
   3.4180000    0.0000000
   3.4200000    0.0000000
   3.4220000    0.0000000
   3.4240000    0.0000000
   3.4260000    0.0000000
   3.4280000    0.0000000
   3.4300000    0.0000000
   3.4320000    0.0000000
   3.4340000    0.0000000
   3.4360000    0.0000000
   3.4380000    0.0000000
   3.4400000    0.0000000
   3.4420000    0.0000000
   3.4440000    0.0000000
   3.4460000    0.0000000
   3.4480000    0.0000000
   3.4500000    0.0000000
   3.4520000    0.0000000
   3.4540000    0.0000000
   3.4560000    0.0000000
   3.4580000    0.0000000
   3.4600000    0.0000000
   3.4620000    0.0000000
   3.4640000    0.0000000
   3.4660000    0.0000000
   3.4680000    0.0000000
   3.4700000    0.0000000
   3.4720000    0.0000000
   3.4740000    0.0000000
   3.4760000    0.0000000
   3.4780000    0.0000000
   3.4800000    0.0000000
   3.4820000    0.0000000
   3.4840000    0.0000000
   3.4860000    0.0000000
   3.4880000    0.0000000
   3.4900000    0.0000000
   3.4920000    0.0000000
   3.4940000    0.0000000
   3.4960000    0.0000000
   3.4980000    0.0000000
   3.5000000    0.0000000
   3.5020000    0.0000000
   3.5040000    0.0000000
   3.5060000    0.0000000
   3.5080000    0.0000000
   3.5100000    0.0000000
   3.5120000    0.0000000
   3.5140000    0.0000000
   3.5160000    0.0000000
   3.5180000    0.0000000
   3.5200000    0.0000000
   3.5220000    0.0000000
   3.5240000    0.0000000
   3.5260000    0.0000000
   3.5280000    0.0000000
   3.5300000    0.0000000
   3.5320000    0.0000000
   3.5340000    0.0000000
   3.5360000    0.0000000
   3.5380000    0.0000000
   3.5400000    0.0000000
   3.5420000    0.0000000
   3.5440000    0.0000000
   3.5460000    0.0000000
   3.5480000    0.0000000
   3.5500000    0.0000000
   3.5520000    0.0000000
   3.5540000    0.0000000
   3.5560000    0.0000000
   3.5580000    0.0000000
   3.5600000    0.0000000
   3.5620000    0.0000000
   3.5640000    0.0000000
   3.5660000    0.0000000
   3.5680000    0.0000000
   3.5700000    0.0000000
   3.5720000    0.0000000
   3.5740000    0.0000000
   3.5760000    0.0000000
   3.5780000    0.0000000
   3.5800000    0.0000000
   3.5820000    0.0000000
   3.5840000    0.0000000
   3.5860000    0.0000000
   3.5880000    0.0000000
   3.5900000    0.0000000
   3.5920000    0.0000000
   3.5940000    0.0000000
   3.5960000    0.0000000
   3.5980000    0.0000000
   3.6000000    0.0000000
   3.6020000    0.0000000
   3.6040000    0.0000000
   3.6060000    0.0000000
   3.6080000    0.0000000
   3.6100000    0.0000000
   3.6120000    0.0000000
   3.6140000    0.0000000
   3.6160000    0.0000000
   3.6180000    0.0000000
   3.6200000    0.0000000
   3.6220000    0.0000000
   3.6240000    0.0000000
   3.6260000    0.0000000
   3.6280000    0.0000000
   3.6300000    0.0000000
   3.6320000    0.0000000
   3.6340000    0.0000000
   3.6360000    0.0000000
   3.6380000    0.0000000
   3.6400000    0.0000000
   3.6420000    0.0000000
   3.6440000    0.0000000
   3.6460000    0.0000000
   3.6480000    0.0000000
   3.6500000    0.0000000
   3.6520000    0.0000000
   3.6540000    0.0000000
   3.6560000    0.0000000
   3.6580000    0.0000000
   3.6600000    0.0000000
   3.6620000    0.0000000
   3.6640000    0.0000000
   3.6660000    0.0000000
   3.6680000    0.0000000
   3.6700000    0.0000000
   3.6720000    0.0000000
   3.6740000    0.0000000
   3.6760000    0.0000000
   3.6780000    0.0000000
   3.6800000    0.0000000
   3.6820000    0.0000000
   3.6840000    0.0000000
   3.6860000    0.0000000
   3.6880000    0.0000000
   3.6900000    0.0000000
   3.6920000    0.0000000
   3.6940000    0.0000000
   3.6960000    0.0000000
   3.6980000    0.0000000
   3.7000000    0.0000000
   3.7020000    0.0000000
   3.7040000    0.0000000
   3.7060000    0.0000000
   3.7080000    0.0000000
   3.7100000    0.0000000
   3.7120000    0.0000000
   3.7140000    0.0000000
   3.7160000    0.0000000
   3.7180000    0.0000000
   3.7200000    0.0000000
   3.7220000    0.0000000
   3.7240000    0.0000000
   3.7260000    0.0000000
   3.7280000    0.0000000
   3.7300000    0.0000000
   3.7320000    0.0000000
   3.7340000    0.0000000
   3.7360000    0.0000000
   3.7380000    0.0000000
   3.7400000    0.0000000
   3.7420000    0.0000000
   3.7440000    0.0000000
   3.7460000    0.0000000
   3.7480000    0.0000000
   3.7500000    0.0000000
   3.7520000    0.0000000
   3.7540000    0.0000000
   3.7560000    0.0000000
   3.7580000    0.0000000
   3.7600000    0.0000000
   3.7620000    0.0000000
   3.7640000    0.0000000
   3.7660000    0.0000000
   3.7680000    0.0000000
   3.7700000    0.0000000
   3.7720000    0.0000000
   3.7740000    0.0000000
   3.7760000    0.0000000
   3.7780000    0.0000000
   3.7800000    0.0000000
   3.7820000    0.0000000
   3.7840000    0.0000000
   3.7860000    0.0000000
   3.7880000    0.0000000
   3.7900000    0.0000000
   3.7920000    0.0000000
   3.7940000    0.0000000
   3.7960000    0.0000000
   3.7980000    0.0000000
   3.8000000    0.0000000
   3.8020000    0.0000000
   3.8040000    0.0000000
   3.8060000    0.0000000
   3.8080000    0.0000000
   3.8100000    0.0000000
   3.8120000    0.0000000
   3.8140000    0.0000000
   3.8160000    0.0000000
   3.8180000    0.0000000
   3.8200000    0.0000000
   3.8220000    0.0000000
   3.8240000    0.0000000
   3.8260000    0.0000000
   3.8280000    0.0000000
   3.8300000    0.0000000
   3.8320000    0.0000000
   3.8340000    0.0000000
   3.8360000    0.0000000
   3.8380000    0.0000000
   3.8400000    0.0000000
   3.8420000    0.0000000
   3.8440000    0.0000000
   3.8460000    0.0000000
   3.8480000    0.0000000
   3.8500000    0.0000000
   3.8520000    0.0000000
   3.8540000    0.0000000
   3.8560000    0.0000000
   3.8580000    0.0000000
   3.8600000    0.0000000
   3.8620000    0.0000000
   3.8640000    0.0000000
   3.8660000    0.0000000
   3.8680000    0.0000000
   3.8700000    0.0000000
   3.8720000    0.0000000
   3.8740000    0.0000000
   3.8760000    0.0000000
   3.8780000    0.0000000
   3.8800000    0.0000000
   3.8820000    0.0000000
   3.8840000    0.0000000
   3.8860000    0.0000000
   3.8880000    0.0000000
   3.8900000    0.0000000
   3.8920000    0.0000000
   3.8940000    0.0000000
   3.8960000    0.0000000
   3.8980000    0.0000000
   3.9000000    0.0000000
   3.9020000    0.0000000
   3.9040000    0.0000000
   3.9060000    0.0000000
   3.9080000    0.0000000
   3.9100000    0.0000000
   3.9120000    0.0000000
   3.9140000    0.0000000
   3.9160000    0.0000000
   3.9180000    0.0000000
   3.9200000    0.0000000
   3.9220000    0.0000000
   3.9240000    0.0000000
   3.9260000    0.0000000
   3.9280000    0.0000000
   3.9300000    0.0000000
   3.9320000    0.0000000
   3.9340000    0.0000000
   3.9360000    0.0000000
   3.9380000    0.0000000
   3.9400000    0.0000000
   3.9420000    0.0000000
   3.9440000    0.0000000
   3.9460000    0.0000000
   3.9480000    0.0000000
   3.9500000    0.0000000
   3.9520000    0.0000000
   3.9540000    0.0000000
   3.9560000    0.0000000
   3.9580000    0.0000000
   3.9600000    0.0000000
   3.9620000    0.0000000
   3.9640000    0.0000000
   3.9660000    0.0000000
   3.9680000    0.0000000
   3.9700000    0.0000000
   3.9720000    0.0000000
   3.9740000    0.0000000
   3.9760000    0.0000000
   3.9780000    0.0000000
   3.9800000    0.0000000
   3.9820000    0.0000000
   3.9840000    0.0000000
   3.9860000    0.0000000
   3.9880000    0.0000000
   3.9900000    0.0000000
   3.9920000    0.0000000
   3.9940000    0.0000000
   3.9960000    0.0000000
   3.9980000    0.0000000
   4.0000000    0.0000000
   4.0020000    0.0000000
   4.0040000    0.0000000
   4.0060000    0.0000000
   4.0080000    0.0000000
   4.0100000    0.0000000
   4.0120000    0.0000000
   4.0140000    0.0000000
   4.0160000    0.0000000
   4.0180000    0.0000000
   4.0200000    0.0000000
   4.0220000    0.0000000
   4.0240000    0.0000000
   4.0260000    0.0000000
   4.0280000    0.0000000
   4.0300000    0.0000000
   4.0320000    0.0000000
   4.0340000    0.0000000
   4.0360000    0.0000000
   4.0380000    0.0000000
   4.0400000    0.0000000
   4.0420000    0.0000000
   4.0440000    0.0000000
   4.0460000    0.0000000
   4.0480000    0.0000000
   4.0500000    0.0000000
   4.0520000    0.0000000
   4.0540000    0.0000000
   4.0560000    0.0000000
   4.0580000    0.0000000
   4.0600000    0.0000000
   4.0620000    0.0000000
   4.0640000    0.0000000
   4.0660000    0.0000000
   4.0680000    0.0000000
   4.0700000    0.0000000
   4.0720000    0.0000000
   4.0740000    0.0000000
   4.0760000    0.0000000
   4.0780000    0.0000000
   4.0800000    0.0000000
   4.0820000    0.0000000
   4.0840000    0.0000000
   4.0860000    0.0000000
   4.0880000    0.0000000
   4.0900000    0.0000000
   4.0920000    0.0000000
   4.0940000    0.0000000
   4.0960000    0.0000000
   4.0980000    0.0000000
   4.1000000    0.0000000
   4.1020000    0.0000000
   4.1040000    0.0000000
   4.1060000    0.0000000
   4.1080000    0.0000000
   4.1100000    0.0000000
   4.1120000    0.0000000
   4.1140000    0.0000000
   4.1160000    0.0000000
   4.1180000    0.0000000
   4.1200000    0.0000000
   4.1220000    0.0000000
   4.1240000    0.0000000
   4.1260000    0.0000000
   4.1280000    0.0000000
   4.1300000    0.0000000
   4.1320000    0.0000000
   4.1340000    0.0000000
   4.1360000    0.0000000
   4.1380000    0.0000000
   4.1400000    0.0000000
   4.1420000    0.0000000
   4.1440000    0.0000000
   4.1460000    0.0000000
   4.1480000    0.0000000
   4.1500000    0.0000000
   4.1520000    0.0000000
   4.1540000    0.0000000
   4.1560000    0.0000000
   4.1580000    0.0000000
   4.1600000    0.0000000
   4.1620000    0.0000000
   4.1640000    0.0000000
   4.1660000    0.0000000
   4.1680000    0.0000000
   4.1700000    0.0000000
   4.1720000    0.0000000
   4.1740000    0.0000000
   4.1760000    0.0000000
   4.1780000    0.0000000
   4.1800000    0.0000000
   4.1820000    0.0000000
   4.1840000    0.0000000
   4.1860000    0.0000000
   4.1880000    0.0000000
   4.1900000    0.0000000
   4.1920000    0.0000000
   4.1940000    0.0000000
   4.1960000    0.0000000
   4.1980000    0.0000000
   4.2000000    0.0000000
   4.2020000    0.0000000
   4.2040000    0.0000000
   4.2060000    0.0000000
   4.2080000    0.0000000
   4.2100000    0.0000000
   4.2120000    0.0000000
   4.2140000    0.0000000
   4.2160000    0.0000000
   4.2180000    0.0000000
   4.2200000    0.0000000
   4.2220000    0.0000000
   4.2240000    0.0000000
   4.2260000    0.0000000
   4.2280000    0.0000000
   4.2300000    0.0000000
   4.2320000    0.0000000
   4.2340000    0.0000000
   4.2360000    0.0000000
   4.2380000    0.0000000
   4.2400000    0.0000000
   4.2420000    0.0000000
   4.2440000    0.0000000
   4.2460000    0.0000000
   4.2480000    0.0000000
   4.2500000    0.0000000
   4.2520000    0.0000000
   4.2540000    0.0000000
   4.2560000    0.0000000
   4.2580000    0.0000000
   4.2600000    0.0000000
   4.2620000    0.0000000
   4.2640000    0.0000000
   4.2660000    0.0000000
   4.2680000    0.0000000
   4.2700000    0.0000000
   4.2720000    0.0000000
   4.2740000    0.0000000
   4.2760000    0.0000000
   4.2780000    0.0000000
   4.2800000    0.0000000
   4.2820000    0.0000000
   4.2840000    0.0000000
   4.2860000    0.0000000
   4.2880000    0.0000000
   4.2900000    0.0000000
   4.2920000    0.0000000
   4.2940000    0.0000000
   4.2960000    0.0000000
   4.2980000    0.0000000
   4.3000000    0.0000000
   4.3020000    0.0000000
   4.3040000    0.0000000
   4.3060000    0.0000000
   4.3080000    0.0000000
   4.3100000    0.0000000
   4.3120000    0.0000000
   4.3140000    0.0000000
   4.3160000    0.0000000
   4.3180000    0.0000000
   4.3200000    0.0000000
   4.3220000    0.0000000
   4.3240000    0.0000000
   4.3260000    0.0000000
   4.3280000    0.0000000
   4.3300000    0.0000000
   4.3320000    0.0000000
   4.3340000    0.0000000
   4.3360000    0.0000000
   4.3380000    0.0000000
   4.3400000    0.0000000
   4.3420000    0.0000000
   4.3440000    0.0000000
   4.3460000    0.0000000
   4.3480000    0.0000000
   4.3500000    0.0000000
   4.3520000    0.0000000
   4.3540000    0.0000000
   4.3560000    0.0000000
   4.3580000    0.0000000
   4.3600000    0.0000000
   4.3620000    0.0000000
   4.3640000    0.0000000
   4.3660000    0.0000000
   4.3680000    0.0000000
   4.3700000    0.0000000
   4.3720000    0.0000000
   4.3740000    0.0000000
   4.3760000    0.0000000
   4.3780000    0.0000000
   4.3800000    0.0000000
   4.3820000    0.0000000
   4.3840000    0.0000000
   4.3860000    0.0000000
   4.3880000    0.0000000
   4.3900000    0.0000000
   4.3920000    0.0000000
   4.3940000    0.0000000
   4.3960000    0.0000000
   4.3980000    0.0000000
   4.4000000    0.0000000
   4.4020000    0.0000000
   4.4040000    0.0000000
   4.4060000    0.0000000
   4.4080000    0.0000000
   4.4100000    0.0000000
   4.4120000    0.0000000
   4.4140000    0.0000000
   4.4160000    0.0000000
   4.4180000    0.0000000
   4.4200000    0.0000000
   4.4220000    0.0000000
   4.4240000    0.0000000
   4.4260000    0.0000000
   4.4280000    0.0000000
   4.4300000    0.0000000
   4.4320000    0.0000000
   4.4340000    0.0000000
   4.4360000    0.0000000
   4.4380000    0.0000000
   4.4400000    0.0000000
   4.4420000    0.0000000
   4.4440000    0.0000000
   4.4460000    0.0000000
   4.4480000    0.0000000
   4.4500000    0.0000000
   4.4520000    0.0000000
   4.4540000    0.0000000
   4.4560000    0.0000000
   4.4580000    0.0000000
   4.4600000    0.0000000
   4.4620000    0.0000000
   4.4640000    0.0000000
   4.4660000    0.0000000
   4.4680000    0.0000000
   4.4700000    0.0000000
   4.4720000    0.0000000
   4.4740000    0.0000000
   4.4760000    0.0000000
   4.4780000    0.0000000
   4.4800000    0.0000000
   4.4820000    0.0000000
   4.4840000    0.0000000
   4.4860000    0.0000000
   4.4880000    0.0000000
   4.4900000    0.0000000
   4.4920000    0.0000000
   4.4940000    0.0000000
   4.4960000    0.0000000
   4.4980000    0.0000000
   4.5000000    0.0000000
   4.5020000    0.0000000
   4.5040000    0.0000000
   4.5060000    0.0000000
   4.5080000    0.0000000
   4.5100000    0.0000000
   4.5120000    0.0000000
   4.5140000    0.0000000
   4.5160000    0.0000000
   4.5180000    0.0000000
   4.5200000    0.0000000
   4.5220000    0.0000000
   4.5240000    0.0000000
   4.5260000    0.0000000
   4.5280000    0.0000000
   4.5300000    0.0000000
   4.5320000    0.0000000
   4.5340000    0.0000000
   4.5360000    0.0000000
   4.5380000    0.0000000
   4.5400000    0.0000000
   4.5420000    0.0000000
   4.5440000    0.0000000
   4.5460000    0.0000000
   4.5480000    0.0000000
   4.5500000    0.0000000
   4.5520000    0.0000000
   4.5540000    0.0000000
   4.5560000    0.0000000
   4.5580000    0.0000000
   4.5600000    0.0000000
   4.5620000    0.0000000
   4.5640000    0.0000000
   4.5660000    0.0000000
   4.5680000    0.0000000
   4.5700000    0.0000000
   4.5720000    0.0000000
   4.5740000    0.0000000
   4.5760000    0.0000000
   4.5780000    0.0000000
   4.5800000    0.0000000
   4.5820000    0.0000000
   4.5840000    0.0000000
   4.5860000    0.0000000
   4.5880000    0.0000000
   4.5900000    0.0000000
   4.5920000    0.0000000
   4.5940000    0.0000000
   4.5960000    0.0000000
   4.5980000    0.0000000
   4.6000000    0.0000000
   4.6020000    0.0000000
   4.6040000    0.0000000
   4.6060000    0.0000000
   4.6080000    0.0000000
   4.6100000    0.0000000
   4.6120000    0.0000000
   4.6140000    0.0000000
   4.6160000    0.0000000
   4.6180000    0.0000000
   4.6200000    0.0000000
   4.6220000    0.0000000
   4.6240000    0.0000000
   4.6260000    0.0000000
   4.6280000    0.0000000
   4.6300000    0.0000000
   4.6320000    0.0000000
   4.6340000    0.0000000
   4.6360000    0.0000000
   4.6380000    0.0000000
   4.6400000    0.0000000
   4.6420000    0.0000000
   4.6440000    0.0000000
   4.6460000    0.0000000
   4.6480000    0.0000000
   4.6500000    0.0000000
   4.6520000    0.0000000
   4.6540000    0.0000000
   4.6560000    0.0000000
   4.6580000    0.0000000
   4.6600000    0.0000000
   4.6620000    0.0000000
   4.6640000    0.0000000
   4.6660000    0.0000000
   4.6680000    0.0000000
   4.6700000    0.0000000
   4.6720000    0.0000000
   4.6740000    0.0000000
   4.6760000    0.0000000
   4.6780000    0.0000000
   4.6800000    0.0000000
   4.6820000    0.0000000
   4.6840000    0.0000000
   4.6860000    0.0000000
   4.6880000    0.0000000
   4.6900000    0.0000000
   4.6920000    0.0000000
   4.6940000    0.0000000
   4.6960000    0.0000000
   4.6980000    0.0000000
   4.7000000    0.0000000
   4.7020000    0.0000000
   4.7040000    0.0000000
   4.7060000    0.0000000
   4.7080000    0.0000000
   4.7100000    0.0000000
   4.7120000    0.0000000
   4.7140000    0.0000000
   4.7160000    0.0000000
   4.7180000    0.0000000
   4.7200000    0.0000000
   4.7220000    0.0000000
   4.7240000    0.0000000
   4.7260000    0.0000000
   4.7280000    0.0000000
   4.7300000    0.0000000
   4.7320000    0.0000000
   4.7340000    0.0000000
   4.7360000    0.0000000
   4.7380000    0.0000000
   4.7400000    0.0000000
   4.7420000    0.0000000
   4.7440000    0.0000000
   4.7460000    0.0000000
   4.7480000    0.0000000
   4.7500000    0.0000000
   4.7520000    0.0000000
   4.7540000    0.0000000
   4.7560000    0.0000000
   4.7580000    0.0000000
   4.7600000    0.0000000
   4.7620000    0.0000000
   4.7640000    0.0000000
   4.7660000    0.0000000
   4.7680000    0.0000000
   4.7700000    0.0000000
   4.7720000    0.0000000
   4.7740000    0.0000000
   4.7760000    0.0000000
   4.7780000    0.0000000
   4.7800000    0.0000000
   4.7820000    0.0000000
   4.7840000    0.0000000
   4.7860000    0.0000000
   4.7880000    0.0000000
   4.7900000    0.0000000
   4.7920000    0.0000000
   4.7940000    0.0000000
   4.7960000    0.0000000
   4.7980000    0.0000000
   4.8000000    0.0000000
   4.8020000    0.0000000
   4.8040000    0.0000000
   4.8060000    0.0000000
   4.8080000    0.0000000
   4.8100000    0.0000000
   4.8120000    0.0000000
   4.8140000    0.0000000
   4.8160000    0.0000000
   4.8180000    0.0000000
   4.8200000    0.0000000
   4.8220000    0.0000000
   4.8240000    0.0000000
   4.8260000    0.0000000
   4.8280000    0.0000000
   4.8300000    0.0000000
   4.8320000    0.0000000
   4.8340000    0.0000000
   4.8360000    0.0000000
   4.8380000    0.0000000
   4.8400000    0.0000000
   4.8420000    0.0000000
   4.8440000    0.0000000
   4.8460000    0.0000000
   4.8480000    0.0000000
   4.8500000    0.0000000
   4.8520000    0.0000000
   4.8540000    0.0000000
   4.8560000    0.0000000
   4.8580000    0.0000000
   4.8600000    0.0000000
   4.8620000    0.0000000
   4.8640000    0.0000000
   4.8660000    0.0000000
   4.8680000    0.0000000
   4.8700000    0.0000000
   4.8720000    0.0000000
   4.8740000    0.0000000
   4.8760000    0.0000000
   4.8780000    0.0000000
   4.8800000    0.0000000
   4.8820000    0.0000000
   4.8840000    0.0000000
   4.8860000    0.0000000
   4.8880000    0.0000000
   4.8900000    0.0000000
   4.8920000    0.0000000
   4.8940000    0.0000000
   4.8960000    0.0000000
   4.8980000    0.0000000
   4.9000000    0.0000000
   4.9020000    0.0000000
   4.9040000    0.0000000
   4.9060000    0.0000000
   4.9080000    0.0000000
   4.9100000    0.0000000
   4.9120000    0.0000000
   4.9140000    0.0000000
   4.9160000    0.0000000
   4.9180000    0.0000000
   4.9200000    0.0000000
   4.9220000    0.0000000
   4.9240000    0.0000000
   4.9260000    0.0000000
   4.9280000    0.0000000
   4.9300000    0.0000000
   4.9320000    0.0000000
   4.9340000    0.0000000
   4.9360000    0.0000000
   4.9380000    0.0000000
   4.9400000    0.0000000
   4.9420000    0.0000000
   4.9440000    0.0000000
   4.9460000    0.0000000
   4.9480000    0.0000000
   4.9500000    0.0000000
   4.9520000    0.0000000
   4.9540000    0.0000000
   4.9560000    0.0000000
   4.9580000    0.0000000
   4.9600000    0.0000000
   4.9620000    0.0000000
   4.9640000    0.0000000
   4.9660000    0.0000000
   4.9680000    0.0000000
   4.9700000    0.0000000
   4.9720000    0.0000000
   4.9740000    0.0000000
   4.9760000    0.0000000
   4.9780000    0.0000000
   4.9800000    0.0000000
   4.9820000    0.0000000
   4.9840000    0.0000000
   4.9860000    0.0000000
   4.9880000    0.0000000
   4.9900000    0.0000000
   4.9920000    0.0000000
   4.9940000    0.0000000
   4.9960000    0.0000000
   4.9980000    0.0000000
   5.0000000    0.0000000
   5.0020000    0.0000000
   5.0040000    0.0000000
   5.0060000    0.0000000
   5.0080000    0.0000000
   5.0100000    0.0000000
   5.0120000    0.0000000
   5.0140000    0.0000000
   5.0160000    0.0000000
   5.0180000    0.0000000
   5.0200000    0.0000000
   5.0220000    0.0000000
   5.0240000    0.0000000
   5.0260000    0.0000000
   5.0280000    0.0000000
   5.0300000    0.0000000
   5.0320000    0.0000000
   5.0340000    0.0000000
   5.0360000    0.0000000
   5.0380000    0.0000000
   5.0400000    0.0000000
   5.0420000    0.0000000
   5.0440000    0.0000000
   5.0460000    0.0000000
   5.0480000    0.0000000
   5.0500000    0.0000000
   5.0520000    0.0000000
   5.0540000    0.0000000
   5.0560000    0.0000000
   5.0580000    0.0000000
   5.0600000    0.0000000
   5.0620000    0.0000000
   5.0640000    0.0000000
   5.0660000    0.0000000
   5.0680000    0.0000000
   5.0700000    0.0000000
   5.0720000    0.0000000
   5.0740000    0.0000000
   5.0760000    0.0000000
   5.0780000    0.0000000
   5.0800000    0.0000000
   5.0820000    0.0000000
   5.0840000    0.0000000
   5.0860000    0.0000000
   5.0880000    0.0000000
   5.0900000    0.0000000
   5.0920000    0.0000000
   5.0940000    0.0000000
   5.0960000    0.0000000
   5.0980000    0.0000000
   5.1000000    0.0000000
   5.1020000    0.0000000
   5.1040000    0.0000000
   5.1060000    0.0000000
   5.1080000    0.0000000
   5.1100000    0.0000000
   5.1120000    0.0000000
   5.1140000    0.0000000
   5.1160000    0.0000000
   5.1180000    0.0000000
   5.1200000    0.0000000
   5.1220000    0.0000000
   5.1240000    0.0000000
   5.1260000    0.0000000
   5.1280000    0.0000000
   5.1300000    0.0000000
   5.1320000    0.0000000
   5.1340000    0.0000000
   5.1360000    0.0000000
   5.1380000    0.0000000
   5.1400000    0.0000000
   5.1420000    0.0000000
   5.1440000    0.0000000
   5.1460000    0.0000000
   5.1480000    0.0000000
   5.1500000    0.0000000
   5.1520000    0.0000000
   5.1540000    0.0000000
   5.1560000    0.0000000
   5.1580000    0.0000000
   5.1600000    0.0000000
   5.1620000    0.0000000
   5.1640000    0.0000000
   5.1660000    0.0000000
   5.1680000    0.0000000
   5.1700000    0.0000000
   5.1720000    0.0000000
   5.1740000    0.0000000
   5.1760000    0.0000000
   5.1780000    0.0000000
   5.1800000    0.0000000
   5.1820000    0.0000000
   5.1840000    0.0000000
   5.1860000    0.0000000
   5.1880000    0.0000000
   5.1900000    0.0000000
   5.1920000    0.0000000
   5.1940000    0.0000000
   5.1960000    0.0000000
   5.1980000    0.0000000
   5.2000000    0.0000000
   5.2020000    0.0000000
   5.2040000    0.0000000
   5.2060000    0.0000000
   5.2080000    0.0000000
   5.2100000    0.0000000
   5.2120000    0.0000000
   5.2140000    0.0000000
   5.2160000    0.0000000
   5.2180000    0.0000000
   5.2200000    0.0000000
   5.2220000    0.0000000
   5.2240000    0.0000000
   5.2260000    0.0000000
   5.2280000    0.0000000
   5.2300000    0.0000000
   5.2320000    0.0000000
   5.2340000    0.0000000
   5.2360000    0.0000000
   5.2380000    0.0000000
   5.2400000    0.0000000
   5.2420000    0.0000000
   5.2440000    0.0000000
   5.2460000    0.0000000
   5.2480000    0.0000000
   5.2500000    0.0000000
   5.2520000    0.0000000
   5.2540000    0.0000000
   5.2560000    0.0000000
   5.2580000    0.0000000
   5.2600000    0.0000000
   5.2620000    0.0000000
   5.2640000    0.0000000
   5.2660000    0.0000000
   5.2680000    0.0000000
   5.2700000    0.0000000
   5.2720000    0.0000000
   5.2740000    0.0000000
   5.2760000    0.0000000
   5.2780000    0.0000000
   5.2800000    0.0000000
   5.2820000    0.0000000
   5.2840000    0.0000000
   5.2860000    0.0000000
   5.2880000    0.0000000
   5.2900000    0.0000000
   5.2920000    0.0000000
   5.2940000    0.0000000
   5.2960000    0.0000000
   5.2980000    0.0000000
   5.3000000    0.0000000
   5.3020000    0.0000000
   5.3040000    0.0000000
   5.3060000    0.0000000
   5.3080000    0.0000000
   5.3100000    0.0000000
   5.3120000    0.0000000
   5.3140000    0.0000000
   5.3160000    0.0000000
   5.3180000    0.0000000
   5.3200000    0.0000000
   5.3220000    0.0000000
   5.3240000    0.0000000
   5.3260000    0.0000000
   5.3280000    0.0000000
   5.3300000    0.0000000
   5.3320000    0.0000000
   5.3340000    0.0000000
   5.3360000    0.0000000
   5.3380000    0.0000000
   5.3400000    0.0000000
   5.3420000    0.0000000
   5.3440000    0.0000000
   5.3460000    0.0000000
   5.3480000    0.0000000
   5.3500000    0.0000000
   5.3520000    0.0000000
   5.3540000    0.0000000
   5.3560000    0.0000000
   5.3580000    0.0000000
   5.3600000    0.0000000
   5.3620000    0.0000000
   5.3640000    0.0000000
   5.3660000    0.0000000
   5.3680000    0.0000000
   5.3700000    0.0000000
   5.3720000    0.0000000
   5.3740000    0.0000000
   5.3760000    0.0000000
   5.3780000    0.0000000
   5.3800000    0.0000000
   5.3820000    0.0000000
   5.3840000    0.0000000
   5.3860000    0.0000000
   5.3880000    0.0000000
   5.3900000    0.0000000
   5.3920000    0.0000000
   5.3940000    0.0000000
   5.3960000    0.0000000
   5.3980000    0.0000000
   5.4000000    0.0000000
   5.4020000    0.0000000
   5.4040000    0.0000000
   5.4060000    0.0000000
   5.4080000    0.0000000
   5.4100000    0.0000000
   5.4120000    0.0000000
   5.4140000    0.0000000
   5.4160000    0.0000000
   5.4180000    0.0000000
   5.4200000    0.0000000
   5.4220000    0.0000000
   5.4240000    0.0000000
   5.4260000    0.0000000
   5.4280000    0.0000000
   5.4300000    0.0000000
   5.4320000    0.0000000
   5.4340000    0.0000000
   5.4360000    0.0000000
   5.4380000    0.0000000
   5.4400000    0.0000000
   5.4420000    0.0000000
   5.4440000    0.0000000
   5.4460000    0.0000000
   5.4480000    0.0000000
   5.4500000    0.0000000
   5.4520000    0.0000000
   5.4540000    0.0000000
   5.4560000    0.0000000
   5.4580000    0.0000000
   5.4600000    0.0000000
   5.4620000    0.0000000
   5.4640000    0.0000000
   5.4660000    0.0000000
   5.4680000    0.0000000
   5.4700000    0.0000000
   5.4720000    0.0000000
   5.4740000    0.0000000
   5.4760000    0.0000000
   5.4780000    0.0000000
   5.4800000    0.0000000
   5.4820000    0.0000000
   5.4840000    0.0000000
   5.4860000    0.0000000
   5.4880000    0.0000000
   5.4900000    0.0000000
   5.4920000    0.0000000
   5.4940000    0.0000000
   5.4960000    0.0000000
   5.4980000    0.0000000
   5.5000000    0.0000000
   5.5020000    0.0000000
   5.5040000    0.0000000
   5.5060000    0.0000000
   5.5080000    0.0000000
   5.5100000    0.0000000
   5.5120000    0.0000000
   5.5140000    0.0000000
   5.5160000    0.0000000
   5.5180000    0.0000000
   5.5200000    0.0000000
   5.5220000    0.0000000
   5.5240000    0.0000000
   5.5260000    0.0000000
   5.5280000    0.0000000
   5.5300000    0.0000000
   5.5320000    0.0000000
   5.5340000    0.0000000
   5.5360000    0.0000000
   5.5380000    0.0000000
   5.5400000    0.0000000
   5.5420000    0.0000000
   5.5440000    0.0000000
   5.5460000    0.0000000
   5.5480000    0.0000000
   5.5500000    0.0000000
   5.5520000    0.0000000
   5.5540000    0.0000000
   5.5560000    0.0000000
   5.5580000    0.0000000
   5.5600000    0.0000000
   5.5620000    0.0000000
   5.5640000    0.0000000
   5.5660000    0.0000000
   5.5680000    0.0000000
   5.5700000    0.0000000
   5.5720000    0.0000000
   5.5740000    0.0000000
   5.5760000    0.0000000
   5.5780000    0.0000000
   5.5800000    0.0000000
   5.5820000    0.0000000
   5.5840000    0.0000000
   5.5860000    0.0000000
   5.5880000    0.0000000
   5.5900000    0.0000000
   5.5920000    0.0000000
   5.5940000    0.0000000
   5.5960000    0.0000000
   5.5980000    0.0000000
   5.6000000    0.0000000
   5.6020000    0.0000000
   5.6040000    0.0000000
   5.6060000    0.0000000
   5.6080000    0.0000000
   5.6100000    0.0000000
   5.6120000    0.0000000
   5.6140000    0.0000000
   5.6160000    0.0000000
   5.6180000    0.0000000
   5.6200000    0.0000000
   5.6220000    0.0000000
   5.6240000    0.0000000
   5.6260000    0.0000000
   5.6280000    0.0000000
   5.6300000    0.0000000
   5.6320000    0.0000000
   5.6340000    0.0000000
   5.6360000    0.0000000
   5.6380000    0.0000000
   5.6400000    0.0000000
   5.6420000    0.0000000
   5.6440000    0.0000000
   5.6460000    0.0000000
   5.6480000    0.0000000
   5.6500000    0.0000000
   5.6520000    0.0000000
   5.6540000    0.0000000
   5.6560000    0.0000000
   5.6580000    0.0000000
   5.6600000    0.0000000
   5.6620000    0.0000000
   5.6640000    0.0000000
   5.6660000    0.0000000
   5.6680000    0.0000000
   5.6700000    0.0000000
   5.6720000    0.0000000
   5.6740000    0.0000000
   5.6760000    0.0000000
   5.6780000    0.0000000
   5.6800000    0.0000000
   5.6820000    0.0000000
   5.6840000    0.0000000
   5.6860000    0.0000000
   5.6880000    0.0000000
   5.6900000    0.0000000
   5.6920000    0.0000000
   5.6940000    0.0000000
   5.6960000    0.0000000
   5.6980000    0.0000000
   5.7000000    0.0000000
   5.7020000    0.0000000
   5.7040000    0.0000000
   5.7060000    0.0000000
   5.7080000    0.0000000
   5.7100000    0.0000000
   5.7120000    0.0000000
   5.7140000    0.0000000
   5.7160000    0.0000000
   5.7180000    0.0000000
   5.7200000    0.0000000
   5.7220000    0.0000000
   5.7240000    0.0000000
   5.7260000    0.0000000
   5.7280000    0.0000000
   5.7300000    0.0000000
   5.7320000    0.0000000
   5.7340000    0.0000000
   5.7360000    0.0000000
   5.7380000    0.0000000
   5.7400000    0.0000000
   5.7420000    0.0000000
   5.7440000    0.0000000
   5.7460000    0.0000000
   5.7480000    0.0000000
   5.7500000    0.0000000
   5.7520000    0.0000000
   5.7540000    0.0000000
   5.7560000    0.0000000
   5.7580000    0.0000000
   5.7600000    0.0000000
   5.7620000    0.0000000
   5.7640000    0.0000000
   5.7660000    0.0000000
   5.7680000    0.0000000
   5.7700000    0.0000000
   5.7720000    0.0000000
   5.7740000    0.0000000
   5.7760000    0.0000000
   5.7780000    0.0000000
   5.7800000    0.0000000
   5.7820000    0.0000000
   5.7840000    0.0000000
   5.7860000    0.0000000
   5.7880000    0.0000000
   5.7900000    0.0000000
   5.7920000    0.0000000
   5.7940000    0.0000000
   5.7960000    0.0000000
   5.7980000    0.0000000
   5.8000000    0.0000000
   5.8020000    0.0000000
   5.8040000    0.0000000
   5.8060000    0.0000000
   5.8080000    0.0000000
   5.8100000    0.0000000
   5.8120000    0.0000000
   5.8140000    0.0000000
   5.8160000    0.0000000
   5.8180000    0.0000000
   5.8200000    0.0000000
   5.8220000    0.0000000
   5.8240000    0.0000000
   5.8260000    0.0000000
   5.8280000    0.0000000
   5.8300000    0.0000000
   5.8320000    0.0000000
   5.8340000    0.0000000
   5.8360000    0.0000000
   5.8380000    0.0000000
   5.8400000    0.0000000
   5.8420000    0.0000000
   5.8440000    0.0000000
   5.8460000    0.0000000
   5.8480000    0.0000000
   5.8500000    0.0000000
   5.8520000    0.0000000
   5.8540000    0.0000000
   5.8560000    0.0000000
   5.8580000    0.0000000
   5.8600000    0.0000000
   5.8620000    0.0000000
   5.8640000    0.0000000
   5.8660000    0.0000000
   5.8680000    0.0000000
   5.8700000    0.0000000
   5.8720000    0.0000000
   5.8740000    0.0000000
   5.8760000    0.0000000
   5.8780000    0.0000000
   5.8800000    0.0000000
   5.8820000    0.0000000
   5.8840000    0.0000000
   5.8860000    0.0000000
   5.8880000    0.0000000
   5.8900000    0.0000000
   5.8920000    0.0000000
   5.8940000    0.0000000
   5.8960000    0.0000000
   5.8980000    0.0000000
   5.9000000    0.0000000
   5.9020000    0.0000000
   5.9040000    0.0000000
   5.9060000    0.0000000
   5.9080000    0.0000000
   5.9100000    0.0000000
   5.9120000    0.0000000
   5.9140000    0.0000000
   5.9160000    0.0000000
   5.9180000    0.0000000
   5.9200000    0.0000000
   5.9220000    0.0000000
   5.9240000    0.0000000
   5.9260000    0.0000000
   5.9280000    0.0000000
   5.9300000    0.0000000
   5.9320000    0.0000000
   5.9340000    0.0000000
   5.9360000    0.0000000
   5.9380000    0.0000000
   5.9400000    0.0000000
   5.9420000    0.0000000
   5.9440000    0.0000000
   5.9460000    0.0000000
   5.9480000    0.0000000
   5.9500000    0.0000000
   5.9520000    0.0000000
   5.9540000    0.0000000
   5.9560000    0.0000000
   5.9580000    0.0000000
   5.9600000    0.0000000
   5.9620000    0.0000000
   5.9640000    0.0000000
   5.9660000    0.0000000
   5.9680000    0.0000000
   5.9700000    0.0000000
   5.9720000    0.0000000
   5.9740000    0.0000000
   5.9760000    0.0000000
   5.9780000    0.0000000
   5.9800000    0.0000000
   5.9820000    0.0000000
   5.9840000    0.0000000
   5.9860000    0.0000000
   5.9880000    0.0000000
   5.9900000    0.0000000
