-80.0000000
-80.0000000
-80.0000000
-80.0000000
-80.0000000
-80.0000000
-80.0000000
-80.0000000
-80.0000000
-80.0000000
-80.0000000
-80.0000000
-80.0000000
-80.0000000
-80.0000000
-80.0000000
-80.0000000
-80.0000000
-80.0000000
-80.0000000
-80.0000000
-80.0000000
-80.0000000
-80.0000000
-80.0000000
-80.0000000
-80.0000000
-80.0000000
-80.0000000
-80.0000000
-80.0000000
-80.0000000
-80.0000000
-80.0000000
-80.0000000
-80.0000000
-80.0000000
-80.0000000
-80.0000000
-80.0000000
-80.0000000
-80.0000000
-80.0000000
-80.0000000
-80.0000000
-80.0000000
-80.0000000
-80.0000000
-80.0000000
-80.0000000
-80.0000000
-80.0000000
-80.0000000
-80.0000000
-80.0000000
-80.0000000
-80.0000000
-80.0000000
-80.0000000
-80.0000000
-80.0000000
-80.0000000
-80.0000000
-80.0000000
-80.0000000
-80.0000000
-80.0000000
-80.0000000
-80.0000000
-80.0000000
-80.0000000
-80.0000000
-80.0000000
-80.0000000
-80.0028800
-80.0050400
-80.0057600
-80.0043200
-80.0000000
-79.9988000
-79.9916000
-79.9760000
-79.9496000
-79.9100000
-79.8292000
-79.7368000
-79.6368000
-79.5332000
-79.4300000
-79.3568000
-79.2856000
-79.2140000
-79.1396000
-79.0600000
-78.9564800
-78.8470400
-78.7333600
-78.6171200
-78.5000000
-78.3952000
-78.2900000
-78.1832000
-78.0736000
-77.9600000
-77.8440800
-77.7210400
-77.5889600
-77.4459200
-77.2900000
-77.1167200
-76.9273600
-76.7206400
-76.4952800
-76.2500000
-75.9752000
-75.6800000
-75.3652000
-75.0316000
-74.6800000
-74.3195200
-73.9405600
-73.5418400
-73.1220800
-72.6800000
-72.2319200
-71.7545600
-71.2422400
-70.6892800
-70.0900000
-69.4220800
-68.7006400
-67.9241600
-67.0911200
-66.2000000
-65.2409600
-64.2228800
-63.1463200
-62.0118400
-60.8200000
-59.5761600
-58.2748800
-56.9155200
-55.4974400
-54.0200000
-52.4662400
-50.8559200
-49.1924800
-47.4793600
-45.7200000
-43.9159200
-42.0729600
-40.1950400
-38.2860800
-36.3500000
-34.3923200
-32.4149600
-30.4214400
-28.4152800
-26.4000000
-24.4002400
-22.3931200
-20.3768800
-18.3497600
-16.3100000
-14.2500800
-12.1754400
-10.0857600
-7.9807200
-5.8600000
-3.7092000
-1.5456000
0.6276000
2.8072000
4.9900000
7.1862400
9.3759200
11.5524800
13.7093600
15.8400000
17.9528800
20.0226400
22.0389600
23.9915200
25.8700000
27.6394400
29.3203200
30.9084800
32.3997600
33.7900000
35.0696000
36.2412000
37.3020000
38.2492000
39.0800000
39.7589600
40.3240800
40.7807200
41.1342400
41.3900000
41.5418400
41.6095200
41.6012800
41.5253600
41.3900000
41.2245600
41.0108800
40.7519200
40.4506400
40.1100000
39.7339200
39.3241600
38.8834400
38.4144800
37.9200000
37.4107200
36.8793600
36.3266400
35.7532800
35.1600000
34.5433600
33.9092800
33.2595200
32.5958400
31.9200000
31.2401600
30.5500800
29.8499200
29.1398400
28.4200000
27.6912000
26.9528000
26.2048000
25.4472000
24.6800000
23.8990400
23.1095200
22.3124800
21.5089600
20.7000000
19.8936800
19.0822400
18.2649600
17.4411200
16.6100000
15.7628800
14.9090400
14.0497600
13.1863200
12.3200000
11.4549600
10.5888800
9.7223200
8.8558400
7.9900000
7.1298400
6.2703200
5.4108800
4.5509600
3.6900000
2.8242400
1.9571200
1.0888800
0.2197600
-0.6500000
-1.5227200
-2.3949600
-3.2658400
-4.1344800
-5.0000000
-5.8612000
-6.7176000
-7.5684000
-8.4128000
-9.2500000
-10.0664000
-10.8772000
-11.6848000
-12.4916000
-13.3000000
-14.1232800
-14.9502400
-15.7805600
-16.6139200
-17.4500000
-18.2865600
-19.1256800
-19.9675200
-20.8122400
-21.6600000
-22.5199200
-23.3809600
-24.2410400
-25.0980800
-25.9500000
-26.7825600
-27.6088800
-28.4299200
-29.2466400
-30.0600000
-30.8783200
-31.6933600
-32.5042400
-33.3100800
-34.1100000
-34.9066400
-35.6947200
-36.4724800
-37.2381600
-37.9900000
-38.7057600
-39.4092800
-40.1039200
-40.7930400
-41.4800000
-42.1832000
-42.8872000
-43.5916000
-44.2960000
-45.0000000
-45.7051200
-46.4085600
-47.1094400
-47.8068800
-48.5000000
-49.1888800
-49.8714400
-50.5465600
-51.2131200
-51.8700000
-52.5116000
-53.1424000
-53.7624000
-54.3716000
-54.9700000
-55.5496000
-56.1204000
-56.6844000
-57.2436000
-57.8000000
-58.3735200
-58.9437600
-59.5082400
-60.0644800
-60.6100000
-61.1295200
-61.6365600
-62.1318400
-62.6160800
-63.0900000
-63.5517600
-64.0052800
-64.4519200
-64.8930400
-65.3300000
-65.7760000
-66.2176000
-66.6532000
-67.0812000
-67.5000000
-67.9048000
-68.2980000
-68.6788000
-69.0464000
-69.4000000
-69.7327200
-70.0513600
-70.3566400
-70.6492800
-70.9300000
-71.1918400
-71.4451200
-71.6924800
-71.9365600
-72.1800000
-72.4427200
-72.7057600
-72.9674400
-73.2260800
-73.4800000
-73.7140800
-73.9434400
-74.1697600
-74.3947200
-74.6200000
-74.8597600
-75.1000800
-75.3395200
-75.5766400
-75.8100000
-76.0279200
-76.2417600
-76.4526400
-76.6616800
-76.8700000
-77.0876800
-77.3046400
-77.5197600
-77.7319200
-77.9400000
-78.1412800
-78.3366400
-78.5253600
-78.7067200
-78.8800000
-79.0352000
-79.1832000
-79.3256000
-79.4640000
-79.6000000
-79.7467200
-79.8913600
-80.0326400
-80.1692800
-80.3000000
-80.4139200
-80.5217600
-80.6246400
-80.7236800
-80.8200000
-80.9166400
-81.0123200
-81.1076800
-81.2033600
-81.3000000
-81.3998400
-81.5015200
-81.6052800
-81.7113600
-81.8200000
-81.9336800
-82.0498400
-82.1681600
-82.2883200
-82.4100000
-82.5399200
-82.6689600
-82.7950400
-82.9160800
-83.0300000
-83.1209600
-83.2040800
-83.2807200
-83.3522400
-83.4200000
-83.4911200
-83.5597600
-83.6258400
-83.6892800
-83.7500000
-83.8111200
-83.8685600
-83.9214400
-83.9688800
-84.0100000
-84.0362400
-84.0563200
-84.0712800
-84.0821600
-84.0900000
-84.0952000
-84.0996000
-84.1044000
-84.1108000
-84.1200000
-84.1354400
-84.1555200
-84.1808800
-84.2121600
-84.2500000
-84.3056000
-84.3664000
-84.4304000
-84.4956000
-84.5600000
-84.6088000
-84.6560000
-84.7028000
-84.7504000
-84.8000000
-84.8604800
-84.9234400
-84.9881600
-85.0539200
-85.1200000
-85.1834400
-85.2463200
-85.3084800
-85.3697600
-85.4300000
-85.4928800
-85.5534400
-85.6105600
-85.6631200
-85.7100000
-85.7417600
-85.7676800
-85.7887200
-85.8058400
-85.8200000
-85.8344000
-85.8472000
-85.8588000
-85.8696000
-85.8800000
-85.9012800
-85.9202400
-85.9345600
-85.9419200
-85.9400000
-85.9037600
-85.8592800
-85.8099200
-85.7590400
-85.7100000
-85.6796000
-85.6544000
-85.6344000
-85.6196000
-85.6100000
-85.6030400
-85.6019200
-85.6072800
-85.6197600
-85.6400000
-85.6798400
-85.7259200
-85.7760800
-85.8281600
-85.8800000
-85.9224000
-85.9620000
-85.9984000
-86.0312000
-86.0600000
-86.0799200
-86.0961600
-86.1094400
-86.1204800
-86.1300000
-86.1457600
-86.1596800
-86.1707200
-86.1778400
-86.1800000
-86.1665600
-86.1484800
-86.1271200
-86.1038400
-86.0800000
-86.0604800
-86.0422400
